peptide,cutoff_used,taxon_id,taxon_name,taxon_rank,domain_id,domain_name,realm_id,realm_name,kingdom_id,kingdom_name,subkingdom_id,subkingdom_name,superphylum_id,superphylum_name,phylum_id,phylum_name,subphylum_id,subphylum_name,superclass_id,superclass_name,class_id,class_name,subclass_id,subclass_name,superorder_id,superorder_name,order_id,order_name,suborder_id,suborder_name,infraorder_id,infraorder_name,superfamily_id,superfamily_name,family_id,family_name,subfamily_id,subfamily_name,tribe_id,tribe_name,subtribe_id,subtribe_name,genus_id,genus_name,subgenus_id,subgenus_name,species_group_id,species_group_name,species_subgroup_id,species_subgroup_name,species_id,species_name,subspecies_id,subspecies_name,strain_id,strain_name,varietas_id,varietas_name,forma_id,forma_name
GGGGGGGFGSR,,1,root,no rank,,,,,,,,,,,,,,,,,,,,,,,,,,,,,,,,,,,,,,,,,,,,,,,,,,,,,,,,
FGGGGGFGSR,,1,root,no rank,,,,,,,,,,,,,,,,,,,,,,,,,,,,,,,,,,,,,,,,,,,,,,,,,,,,,,,,
FGGGGGFGSR,,1,root,no rank,,,,,,,,,,,,,,,,,,,,,,,,,,,,,,,,,,,,,,,,,,,,,,,,,,,,,,,,
VAPAAPPAAR,,1,root,no rank,,,,,,,,,,,,,,,,,,,,,,,,,,,,,,,,,,,,,,,,,,,,,,,,,,,,,,,,
VAPAAAPPAR,,1,root,no rank,,,,,,,,,,,,,,,,,,,,,,,,,,,,,,,,,,,,,,,,,,,,,,,,,,,,,,,,
VVVGVVAGNR,,2606593,Amycolatopsis camponoti,species,2,Bacteria,,,1783272,Bacillati,,,,,201174,Actinomycetota,,,,,1760,Actinomycetes,,,,,85010,Pseudonocardiales,,,,,,,2070,Pseudonocardiaceae,,,,,,,1813,Amycolatopsis,,,,,,,2606593,Amycolatopsis camponoti,,,,,,,,
VGFAGDDAPR,,2759,Eukaryota,domain,2759,Eukaryota,,,,,,,,,,,,,,,,,,,,,,,,,,,,,,,,,,,,,,,,,,,,,,,,,,,,,,
ESAVGNAESR,,1883,Streptomyces,genus,2,Bacteria,,,1783272,Bacillati,,,,,201174,Actinomycetota,,,,,1760,Actinomycetes,,,,,85011,Kitasatosporales,,,,,,,2062,Streptomycetaceae,,,,,,,1883,Streptomyces,,,,,,,,,,,,,,,,
ESAVGNAESR,,1883,Streptomyces,genus,2,Bacteria,,,1783272,Bacillati,,,,,201174,Actinomycetota,,,,,1760,Actinomycetes,,,,,85011,Kitasatosporales,,,,,,,2062,Streptomycetaceae,,,,,,,1883,Streptomyces,,,,,,,,,,,,,,,,
VPQVVAEAVK,,1963757,Castorimorpha,suborder,2759,Eukaryota,,,33208,Metazoa,,,,,7711,Chordata,89593,Craniata,8287,Sarcopterygii,40674,Mammalia,,,314146,Euarchontoglires,9989,Rodentia,1963757,Castorimorpha,,,,,,,,,,,,,,,,,,,,,,,,,,,,,,
ESAVGNAESR,,1883,Streptomyces,genus,2,Bacteria,,,1783272,Bacillati,,,,,201174,Actinomycetota,,,,,1760,Actinomycetes,,,,,85011,Kitasatosporales,,,,,,,2062,Streptomycetaceae,,,,,,,1883,Streptomyces,,,,,,,,,,,,,,,,
NGPQLADLVK,,1,root,no rank,,,,,,,,,,,,,,,,,,,,,,,,,,,,,,,,,,,,,,,,,,,,,,,,,,,,,,,,
NGPQLADLVK,,1,root,no rank,,,,,,,,,,,,,,,,,,,,,,,,,,,,,,,,,,,,,,,,,,,,,,,,,,,,,,,,
VAGDGSYQLR,,286,Pseudomonas,genus,2,Bacteria,,,3379134,Pseudomonadati,,,,,1224,Pseudomonadota,,,,,1236,Gammaproteobacteria,,,,,72274,Pseudomonadales,,,,,,,135621,Pseudomonadaceae,,,,,,,286,Pseudomonas,,,,,,,,,,,,,,,,
LGGYGYGYGR,,215803,Enhygromyxa salina,species,2,Bacteria,,,3379134,Pseudomonadati,,,,,2818505,Myxococcota,,,,,,,3031711,Polyangia,,,3031713,Nannocystales,,,,,,,224463,Nannocystaceae,,,,,,,215802,Enhygromyxa,,,,,,,215803,Enhygromyxa salina,,,,,,,,
PVDKLVLGVK,,42229,Prunus avium,species,2759,Eukaryota,,,33090,Viridiplantae,,,,,35493,Streptophyta,131221,Streptophytina,,,3398,Magnoliopsida,,,,,3744,Rosales,,,,,,,3745,Rosaceae,171637,Amygdaloideae,721805,Amygdaleae,,,3754,Prunus,,,,,,,42229,Prunus avium,,,,,,,,
PPPEALVQGR,,946362,Salpingoeca rosetta,species,2759,Eukaryota,,,,,,,,,,,,,,,28009,Choanoflagellata,,,,,1924738,Craspedida,,,,,,,81529,Salpingoecidae,,,,,,,86017,Salpingoeca,,,,,,,946362,Salpingoeca rosetta,,,,,,,,
KLAAEEEAAR,,1,root,no rank,,,,,,,,,,,,,,,,,,,,,,,,,,,,,,,,,,,,,,,,,,,,,,,,,,,,,,,,
PEPVEVVAPR,,630683,Muraenolepis orangiensis,species,2759,Eukaryota,,,33208,Metazoa,,,,,7711,Chordata,89593,Craniata,7898,Actinopterygii,186623,Actinopteri,41665,Neopterygii,,,8043,Gadiformes,1489846,Muraenolepidoidei,,,,,30760,Muraenolepididae,,,,,,,487676,Muraenolepis,,,,,,,630683,Muraenolepis orangiensis,,,,,,,,
PEPVEVVAPR,,630683,Muraenolepis orangiensis,species,2759,Eukaryota,,,33208,Metazoa,,,,,7711,Chordata,89593,Craniata,7898,Actinopterygii,186623,Actinopteri,41665,Neopterygii,,,8043,Gadiformes,1489846,Muraenolepidoidei,,,,,30760,Muraenolepididae,,,,,,,487676,Muraenolepis,,,,,,,630683,Muraenolepis orangiensis,,,,,,,,
PEPVEVVAPR,,630683,Muraenolepis orangiensis,species,2759,Eukaryota,,,33208,Metazoa,,,,,7711,Chordata,89593,Craniata,7898,Actinopterygii,186623,Actinopteri,41665,Neopterygii,,,8043,Gadiformes,1489846,Muraenolepidoidei,,,,,30760,Muraenolepididae,,,,,,,487676,Muraenolepis,,,,,,,630683,Muraenolepis orangiensis,,,,,,,,
PEPVEVVAPR,,630683,Muraenolepis orangiensis,species,2759,Eukaryota,,,33208,Metazoa,,,,,7711,Chordata,89593,Craniata,7898,Actinopterygii,186623,Actinopteri,41665,Neopterygii,,,8043,Gadiformes,1489846,Muraenolepidoidei,,,,,30760,Muraenolepididae,,,,,,,487676,Muraenolepis,,,,,,,630683,Muraenolepis orangiensis,,,,,,,,
PEPVEVVAPR,,630683,Muraenolepis orangiensis,species,2759,Eukaryota,,,33208,Metazoa,,,,,7711,Chordata,89593,Craniata,7898,Actinopterygii,186623,Actinopteri,41665,Neopterygii,,,8043,Gadiformes,1489846,Muraenolepidoidei,,,,,30760,Muraenolepididae,,,,,,,487676,Muraenolepis,,,,,,,630683,Muraenolepis orangiensis,,,,,,,,
AYDNATAAVAK,,286,Pseudomonas,genus,2,Bacteria,,,3379134,Pseudomonadati,,,,,1224,Pseudomonadota,,,,,1236,Gammaproteobacteria,,,,,72274,Pseudomonadales,,,,,,,135621,Pseudomonadaceae,,,,,,,286,Pseudomonas,,,,,,,,,,,,,,,,
VVLADWVTAK,,2822762,Gemmata palustris,species,2,Bacteria,,,3379134,Pseudomonadati,,,,,203682,Planctomycetota,,,,,203683,Planctomycetia,,,,,2691355,Gemmatales,,,,,,,1914233,Gemmataceae,,,,,,,113,Gemmata,,,,,,,2822762,Gemmata palustris,,,,,,,,
PLQLAHLSGR,,3754,Prunus,genus,2759,Eukaryota,,,33090,Viridiplantae,,,,,35493,Streptophyta,131221,Streptophytina,,,3398,Magnoliopsida,,,,,3744,Rosales,,,,,,,3745,Rosaceae,171637,Amygdaloideae,721805,Amygdaleae,,,3754,Prunus,,,,,,,,,,,,,,,,
KLLEQLPAAK,,35677,Pelagomonas calceolata,species,2759,Eukaryota,,,,,,,,,,,,,,,35675,Pelagophyceae,,,,,54409,Pelagomonadales,,,,,,,3235057,Pelagomonadaceae,,,,,,,35676,Pelagomonas,,,,,,,35677,Pelagomonas calceolata,,,,,,,,
GTLLNNGNSPK,,1236,Gammaproteobacteria,class,2,Bacteria,,,3379134,Pseudomonadati,,,,,1224,Pseudomonadota,,,,,1236,Gammaproteobacteria,,,,,,,,,,,,,,,,,,,,,,,,,,,,,,,,,,,,,,
ALTHNLALLR,,2202197,Candidatus Methylumidiphilus alinenensis,species,2,Bacteria,,,3379134,Pseudomonadati,,,,,1224,Pseudomonadota,,,,,1236,Gammaproteobacteria,,,,,135618,Methylococcales,,,,,,,,,,,,,,,2202177,Candidatus Methylumidiphilus,,,,,,,2202197,Candidatus Methylumidiphilus alinenensis,,,,,,,,
ALTHNLALLR,,2202197,Candidatus Methylumidiphilus alinenensis,species,2,Bacteria,,,3379134,Pseudomonadati,,,,,1224,Pseudomonadota,,,,,1236,Gammaproteobacteria,,,,,135618,Methylococcales,,,,,,,,,,,,,,,2202177,Candidatus Methylumidiphilus,,,,,,,2202197,Candidatus Methylumidiphilus alinenensis,,,,,,,,
ALTHNLALLR,,2202197,Candidatus Methylumidiphilus alinenensis,species,2,Bacteria,,,3379134,Pseudomonadati,,,,,1224,Pseudomonadota,,,,,1236,Gammaproteobacteria,,,,,135618,Methylococcales,,,,,,,,,,,,,,,2202177,Candidatus Methylumidiphilus,,,,,,,2202197,Candidatus Methylumidiphilus alinenensis,,,,,,,,
APMLDDLVSR,,379,Rhizobium,genus,2,Bacteria,,,3379134,Pseudomonadati,,,,,1224,Pseudomonadota,,,,,28211,Alphaproteobacteria,,,,,356,Hyphomicrobiales,,,,,,,82115,Rhizobiaceae,,,,,,,379,Rhizobium,,,,,,,,,,,,,,,,
AVEELSAPVKS,,28100,Phyllobacterium,genus,2,Bacteria,,,3379134,Pseudomonadati,,,,,1224,Pseudomonadota,,,,,28211,Alphaproteobacteria,,,,,356,Hyphomicrobiales,,,,,,,69277,Phyllobacteriaceae,,,,,,,28100,Phyllobacterium,,,,,,,,,,,,,,,,
AQLQELAQTK,,1,root,no rank,,,,,,,,,,,,,,,,,,,,,,,,,,,,,,,,,,,,,,,,,,,,,,,,,,,,,,,,
WGTVLLSGPR,,29139,Vombatus ursinus,species,2759,Eukaryota,,,33208,Metazoa,,,,,7711,Chordata,89593,Craniata,8287,Sarcopterygii,40674,Mammalia,,,,,38609,Diprotodontia,,,,,,,9338,Vombatidae,,,,,,,29138,Vombatus,,,,,,,29139,Vombatus ursinus,,,,,,,,
AYDNATAAVAK,,286,Pseudomonas,genus,2,Bacteria,,,3379134,Pseudomonadati,,,,,1224,Pseudomonadota,,,,,1236,Gammaproteobacteria,,,,,72274,Pseudomonadales,,,,,,,135621,Pseudomonadaceae,,,,,,,286,Pseudomonas,,,,,,,,,,,,,,,,
AYDNATAAVAK,,286,Pseudomonas,genus,2,Bacteria,,,3379134,Pseudomonadati,,,,,1224,Pseudomonadota,,,,,1236,Gammaproteobacteria,,,,,72274,Pseudomonadales,,,,,,,135621,Pseudomonadaceae,,,,,,,286,Pseudomonas,,,,,,,,,,,,,,,,
APMLDDLVSR,,379,Rhizobium,genus,2,Bacteria,,,3379134,Pseudomonadati,,,,,1224,Pseudomonadota,,,,,28211,Alphaproteobacteria,,,,,356,Hyphomicrobiales,,,,,,,82115,Rhizobiaceae,,,,,,,379,Rhizobium,,,,,,,,,,,,,,,,
TLVGHDTFTK,,1883,Streptomyces,genus,2,Bacteria,,,1783272,Bacillati,,,,,201174,Actinomycetota,,,,,1760,Actinomycetes,,,,,85011,Kitasatosporales,,,,,,,2062,Streptomycetaceae,,,,,,,1883,Streptomyces,,,,,,,,,,,,,,,,
LVLVVSHDAR,,75058,Bodo saltans,species,2759,Eukaryota,,,,,,,,,33682,Euglenozoa,,,,,5653,Kinetoplastea,2704647,Metakinetoplastina,,,2704650,Eubodonida,,,,,,,5708,Bodonidae,,,,,,,5712,Bodo,,,,,,,75058,Bodo saltans,,,,,,,,
PVELSEDDQK,,1042160,Lactiplantibacillus pentosus IG1,strain,2,Bacteria,,,1783272,Bacillati,,,,,1239,Bacillota,,,,,91061,Bacilli,,,,,186826,Lactobacillales,,,,,,,33958,Lactobacillaceae,,,,,,,2767842,Lactiplantibacillus,,,,,,,1589,Lactiplantibacillus pentosus,,,1042160,Lactiplantibacillus pentosus IG1,,,,
FLALGLVPGDR,,1224,Pseudomonadota,phylum,2,Bacteria,,,3379134,Pseudomonadati,,,,,1224,Pseudomonadota,,,,,,,,,,,,,,,,,,,,,,,,,,,,,,,,,,,,,,,,,,,,
QVLGQVAADLR,,1,root,no rank,,,,,,,,,,,,,,,,,,,,,,,,,,,,,,,,,,,,,,,,,,,,,,,,,,,,,,,,
GTQAQFLMEK,,1,root,no rank,,,,,,,,,,,,,,,,,,,,,,,,,,,,,,,,,,,,,,,,,,,,,,,,,,,,,,,,
GTQAQFLMEK,,1,root,no rank,,,,,,,,,,,,,,,,,,,,,,,,,,,,,,,,,,,,,,,,,,,,,,,,,,,,,,,,
PLELLSNLVK,,2759,Eukaryota,domain,2759,Eukaryota,,,,,,,,,,,,,,,,,,,,,,,,,,,,,,,,,,,,,,,,,,,,,,,,,,,,,,
AELALKELER,,2759,Eukaryota,domain,2759,Eukaryota,,,,,,,,,,,,,,,,,,,,,,,,,,,,,,,,,,,,,,,,,,,,,,,,,,,,,,
NTNLTGVLVNK,,91347,Enterobacterales,order,2,Bacteria,,,3379134,Pseudomonadati,,,,,1224,Pseudomonadota,,,,,1236,Gammaproteobacteria,,,,,91347,Enterobacterales,,,,,,,,,,,,,,,,,,,,,,,,,,,,,,,,
AELALKELER,,2759,Eukaryota,domain,2759,Eukaryota,,,,,,,,,,,,,,,,,,,,,,,,,,,,,,,,,,,,,,,,,,,,,,,,,,,,,,
VSFQPLSSLR,,6573,Mizuhopecten yessoensis,species,2759,Eukaryota,,,33208,Metazoa,,,,,6447,Mollusca,,,,,6544,Bivalvia,2785011,Autobranchia,,,106218,Pectinida,,,,,106219,Pectinoidea,6566,Pectinidae,,,,,,,186466,Mizuhopecten,,,,,,,6573,Mizuhopecten yessoensis,,,,,,,,
VVAQALEVLPR,,187106,Caloenas nicobarica,species,2759,Eukaryota,,,33208,Metazoa,,,,,7711,Chordata,89593,Craniata,8287,Sarcopterygii,8782,Aves,,,,,8929,Columbiformes,,,,,,,8930,Columbidae,,,,,,,187105,Caloenas,,,,,,,187106,Caloenas nicobarica,,,,,,,,
PPQVLVLAPTR,,1,root,no rank,,,,,,,,,,,,,,,,,,,,,,,,,,,,,,,,,,,,,,,,,,,,,,,,,,,,,,,,
VDWPSAVVEGGS,,286,Pseudomonas,genus,2,Bacteria,,,3379134,Pseudomonadati,,,,,1224,Pseudomonadota,,,,,1236,Gammaproteobacteria,,,,,72274,Pseudomonadales,,,,,,,135621,Pseudomonadaceae,,,,,,,286,Pseudomonas,,,,,,,,,,,,,,,,
TLEDLEAMLK,,1,root,no rank,,,,,,,,,,,,,,,,,,,,,,,,,,,,,,,,,,,,,,,,,,,,,,,,,,,,,,,,
STLVGHDTFTK,,1883,Streptomyces,genus,2,Bacteria,,,1783272,Bacillati,,,,,201174,Actinomycetota,,,,,1760,Actinomycetes,,,,,85011,Kitasatosporales,,,,,,,2062,Streptomycetaceae,,,,,,,1883,Streptomyces,,,,,,,,,,,,,,,,
LEFNGQDLQR,,543,Enterobacteriaceae,family,2,Bacteria,,,3379134,Pseudomonadati,,,,,1224,Pseudomonadota,,,,,1236,Gammaproteobacteria,,,,,91347,Enterobacterales,,,,,,,543,Enterobacteriaceae,,,,,,,,,,,,,,,,,,,,,,,,
PLPLPPPPPPR,,1,root,no rank,,,,,,,,,,,,,,,,,,,,,,,,,,,,,,,,,,,,,,,,,,,,,,,,,,,,,,,,
PLPLPPPPPPR,,1,root,no rank,,,,,,,,,,,,,,,,,,,,,,,,,,,,,,,,,,,,,,,,,,,,,,,,,,,,,,,,
PLPLPPPPPPR,,1,root,no rank,,,,,,,,,,,,,,,,,,,,,,,,,,,,,,,,,,,,,,,,,,,,,,,,,,,,,,,,
VVGQLGQVLGPR,,1,root,no rank,,,,,,,,,,,,,,,,,,,,,,,,,,,,,,,,,,,,,,,,,,,,,,,,,,,,,,,,
GSLGHDLHHPR,,286,Pseudomonas,genus,2,Bacteria,,,3379134,Pseudomonadati,,,,,1224,Pseudomonadota,,,,,1236,Gammaproteobacteria,,,,,72274,Pseudomonadales,,,,,,,135621,Pseudomonadaceae,,,,,,,286,Pseudomonas,,,,,,,,,,,,,,,,
HADNTLTFGPR,,1,root,no rank,,,,,,,,,,,,,,,,,,,,,,,,,,,,,,,,,,,,,,,,,,,,,,,,,,,,,,,,
VNSNLVLQADR,,8932,Columba livia,species,2759,Eukaryota,,,33208,Metazoa,,,,,7711,Chordata,89593,Craniata,8287,Sarcopterygii,8782,Aves,,,,,8929,Columbiformes,,,,,,,8930,Columbidae,,,,,,,8931,Columba,,,,,,,8932,Columba livia,,,,,,,,
FLPLPPPPPPR,,2720870,Aspergillus subgen. Nidulantes,subgenus,2759,Eukaryota,,,4751,Fungi,451864,Dikarya,,,4890,Ascomycota,147538,Pezizomycotina,,,147545,Eurotiomycetes,451871,Eurotiomycetidae,,,5042,Eurotiales,,,,,,,1131492,Aspergillaceae,,,,,,,5052,Aspergillus,2720870,Aspergillus subgen. Nidulantes,,,,,,,,,,,,,,
FLPLPPPPPPR,,2720870,Aspergillus subgen. Nidulantes,subgenus,2759,Eukaryota,,,4751,Fungi,451864,Dikarya,,,4890,Ascomycota,147538,Pezizomycotina,,,147545,Eurotiomycetes,451871,Eurotiomycetidae,,,5042,Eurotiales,,,,,,,1131492,Aspergillaceae,,,,,,,5052,Aspergillus,2720870,Aspergillus subgen. Nidulantes,,,,,,,,,,,,,,
VLLLENTLYL,,1630542,Alkalihalophilus lindianensis,species,2,Bacteria,,,1783272,Bacillati,,,,,1239,Bacillota,,,,,91061,Bacilli,,,,,1385,Bacillales,,,,,,,186817,Bacillaceae,,,,,,,2893060,Alkalihalophilus,,,,,,,1630542,Alkalihalophilus lindianensis,,,,,,,,
MEGSAVTVLER,,40674,Mammalia,class,2759,Eukaryota,,,33208,Metazoa,,,,,7711,Chordata,89593,Craniata,8287,Sarcopterygii,40674,Mammalia,,,,,,,,,,,,,,,,,,,,,,,,,,,,,,,,,,,,,,
VGTYFSNQAVR,,314146,Euarchontoglires,superorder,2759,Eukaryota,,,33208,Metazoa,,,,,7711,Chordata,89593,Craniata,8287,Sarcopterygii,40674,Mammalia,,,314146,Euarchontoglires,,,,,,,,,,,,,,,,,,,,,,,,,,,,,,,,,,
STLVGHDTFTK,,1883,Streptomyces,genus,2,Bacteria,,,1783272,Bacillati,,,,,201174,Actinomycetota,,,,,1760,Actinomycetes,,,,,85011,Kitasatosporales,,,,,,,2062,Streptomycetaceae,,,,,,,1883,Streptomyces,,,,,,,,,,,,,,,,
VEYSEEELKK,,1,root,no rank,,,,,,,,,,,,,,,,,,,,,,,,,,,,,,,,,,,,,,,,,,,,,,,,,,,,,,,,
VQAQLQGDELR,,1,root,no rank,,,,,,,,,,,,,,,,,,,,,,,,,,,,,,,,,,,,,,,,,,,,,,,,,,,,,,,,
VWTLVSEQTR,,33208,Metazoa,kingdom,2759,Eukaryota,,,33208,Metazoa,,,,,,,,,,,,,,,,,,,,,,,,,,,,,,,,,,,,,,,,,,,,,,,,,,
LPLLLATDVASR,,1,root,no rank,,,,,,,,,,,,,,,,,,,,,,,,,,,,,,,,,,,,,,,,,,,,,,,,,,,,,,,,
FGTGVLLLSPTR,,36090,Globodera pallida,species,2759,Eukaryota,,,33208,Metazoa,,,,,6231,Nematoda,,,,,119089,Chromadorea,,,,,6236,Rhabditida,6300,Tylenchina,33283,Tylenchomorpha,33284,Tylenchoidea,6301,Heteroderidae,33286,Heteroderinae,,,,,31242,Globodera,,,,,,,36090,Globodera pallida,,,,,,,,
VGELTEDEVER,,9568,Mandrillus leucophaeus,species,2759,Eukaryota,,,33208,Metazoa,,,,,7711,Chordata,89593,Craniata,8287,Sarcopterygii,40674,Mammalia,,,314146,Euarchontoglires,9443,Primates,376913,Haplorrhini,314293,Simiiformes,314294,Cercopithecoidea,9527,Cercopithecidae,9528,Cercopithecinae,,,,,9567,Mandrillus,,,,,,,9568,Mandrillus leucophaeus,,,,,,,,
EVPVEVKPEVR,,1236,Gammaproteobacteria,class,2,Bacteria,,,3379134,Pseudomonadati,,,,,1224,Pseudomonadota,,,,,1236,Gammaproteobacteria,,,,,,,,,,,,,,,,,,,,,,,,,,,,,,,,,,,,,,
LVFPSLVGRPR,,2759,Eukaryota,domain,2759,Eukaryota,,,,,,,,,,,,,,,,,,,,,,,,,,,,,,,,,,,,,,,,,,,,,,,,,,,,,,
MAEMLQADWAK,,1,root,no rank,,,,,,,,,,,,,,,,,,,,,,,,,,,,,,,,,,,,,,,,,,,,,,,,,,,,,,,,
RMEAELEDER,,2759,Eukaryota,domain,2759,Eukaryota,,,,,,,,,,,,,,,,,,,,,,,,,,,,,,,,,,,,,,,,,,,,,,,,,,,,,,
RMEAELEDER,,2759,Eukaryota,domain,2759,Eukaryota,,,,,,,,,,,,,,,,,,,,,,,,,,,,,,,,,,,,,,,,,,,,,,,,,,,,,,
GVTYDGHTALTR,,286,Pseudomonas,genus,2,Bacteria,,,3379134,Pseudomonadati,,,,,1224,Pseudomonadota,,,,,1236,Gammaproteobacteria,,,,,72274,Pseudomonadales,,,,,,,135621,Pseudomonadaceae,,,,,,,286,Pseudomonas,,,,,,,,,,,,,,,,
SSAVVDLLYWR,,89593,Craniata,subphylum,2759,Eukaryota,,,33208,Metazoa,,,,,7711,Chordata,89593,Craniata,,,,,,,,,,,,,,,,,,,,,,,,,,,,,,,,,,,,,,,,,,
LVGALLVYDLVK,,36090,Globodera pallida,species,2759,Eukaryota,,,33208,Metazoa,,,,,6231,Nematoda,,,,,119089,Chromadorea,,,,,6236,Rhabditida,6300,Tylenchina,33283,Tylenchomorpha,33284,Tylenchoidea,6301,Heteroderidae,33286,Heteroderinae,,,,,31242,Globodera,,,,,,,36090,Globodera pallida,,,,,,,,
LVGALLVYDLVK,,36090,Globodera pallida,species,2759,Eukaryota,,,33208,Metazoa,,,,,6231,Nematoda,,,,,119089,Chromadorea,,,,,6236,Rhabditida,6300,Tylenchina,33283,Tylenchomorpha,33284,Tylenchoidea,6301,Heteroderidae,33286,Heteroderinae,,,,,31242,Globodera,,,,,,,36090,Globodera pallida,,,,,,,,
LAYSKDFETLK,,1,root,no rank,,,,,,,,,,,,,,,,,,,,,,,,,,,,,,,,,,,,,,,,,,,,,,,,,,,,,,,,
TELEYYAMLVK,,8630,Laticauda laticaudata,species,2759,Eukaryota,,,33208,Metazoa,,,,,7711,Chordata,89593,Craniata,8287,Sarcopterygii,8504,Lepidosauria,,,,,8509,Squamata,,,8570,Serpentes,34989,Colubroidea,8602,Elapidae,42169,Laticaudinae,,,,,8627,Laticauda,,,,,,,8630,Laticauda laticaudata,,,,,,,,
VSLEAALADAEQR,,40674,Mammalia,class,2759,Eukaryota,,,33208,Metazoa,,,,,7711,Chordata,89593,Craniata,8287,Sarcopterygii,40674,Mammalia,,,,,,,,,,,,,,,,,,,,,,,,,,,,,,,,,,,,,,
LPPGPLMEQMGGR,,9612,Canis lupus,species,2759,Eukaryota,,,33208,Metazoa,,,,,7711,Chordata,89593,Craniata,8287,Sarcopterygii,40674,Mammalia,,,314145,Laurasiatheria,33554,Carnivora,379584,Caniformia,,,,,9608,Canidae,,,,,,,9611,Canis,,,,,,,9612,Canis lupus,,,,,,,,
KYPLSLVLAPTR,,244447,Cynoglossus semilaevis,species,2759,Eukaryota,,,33208,Metazoa,,,,,7711,Chordata,89593,Craniata,7898,Actinopterygii,186623,Actinopteri,41665,Neopterygii,,,8252,Pleuronectiformes,30942,Pleuronectoidei,,,,,30947,Cynoglossidae,603456,Cynoglossinae,,,,,106173,Cynoglossus,,,,,,,244447,Cynoglossus semilaevis,,,,,,,,
TWSGQYVGGAEAR,,1883,Streptomyces,genus,2,Bacteria,,,1783272,Bacillati,,,,,201174,Actinomycetota,,,,,1760,Actinomycetes,,,,,85011,Kitasatosporales,,,,,,,2062,Streptomycetaceae,,,,,,,1883,Streptomyces,,,,,,,,,,,,,,,,
VGVTYDGHTALTR,,286,Pseudomonas,genus,2,Bacteria,,,3379134,Pseudomonadati,,,,,1224,Pseudomonadota,,,,,1236,Gammaproteobacteria,,,,,72274,Pseudomonadales,,,,,,,135621,Pseudomonadaceae,,,,,,,286,Pseudomonas,,,,,,,,,,,,,,,,
ATNFAGLLSQGLR,,2759,Eukaryota,domain,2759,Eukaryota,,,,,,,,,,,,,,,,,,,,,,,,,,,,,,,,,,,,,,,,,,,,,,,,,,,,,,
RSEQELAYLER,,8287,Sarcopterygii,superclass,2759,Eukaryota,,,33208,Metazoa,,,,,7711,Chordata,89593,Craniata,8287,Sarcopterygii,,,,,,,,,,,,,,,,,,,,,,,,,,,,,,,,,,,,,,,,
LLTSGTTEANAWK,,1883,Streptomyces,genus,2,Bacteria,,,1783272,Bacillati,,,,,201174,Actinomycetota,,,,,1760,Actinomycetes,,,,,85011,Kitasatosporales,,,,,,,2062,Streptomycetaceae,,,,,,,1883,Streptomyces,,,,,,,,,,,,,,,,
RSEQELAYLER,,8287,Sarcopterygii,superclass,2759,Eukaryota,,,33208,Metazoa,,,,,7711,Chordata,89593,Craniata,8287,Sarcopterygii,,,,,,,,,,,,,,,,,,,,,,,,,,,,,,,,,,,,,,,,
RSEQELAYLER,,8287,Sarcopterygii,superclass,2759,Eukaryota,,,33208,Metazoa,,,,,7711,Chordata,89593,Craniata,8287,Sarcopterygii,,,,,,,,,,,,,,,,,,,,,,,,,,,,,,,,,,,,,,,,
VAAESSALQSLSHV,,42163,Podarcis,genus,2759,Eukaryota,,,33208,Metazoa,,,,,7711,Chordata,89593,Craniata,8287,Sarcopterygii,8504,Lepidosauria,,,,,8509,Squamata,,,,,,,8522,Lacertidae,162266,Lacertinae,,,,,42163,Podarcis,,,,,,,,,,,,,,,,
AEAGLTGTWYNQL,,1883,Streptomyces,genus,2,Bacteria,,,1783272,Bacillati,,,,,201174,Actinomycetota,,,,,1760,Actinomycetes,,,,,85011,Kitasatosporales,,,,,,,2062,Streptomycetaceae,,,,,,,1883,Streptomyces,,,,,,,,,,,,,,,,
SPAFDSLMAETLK,,1,root,no rank,,,,,,,,,,,,,,,,,,,,,,,,,,,,,,,,,,,,,,,,,,,,,,,,,,,,,,,,
VAMMAMSEYEDR,,40674,Mammalia,class,2759,Eukaryota,,,33208,Metazoa,,,,,7711,Chordata,89593,Craniata,8287,Sarcopterygii,40674,Mammalia,,,,,,,,,,,,,,,,,,,,,,,,,,,,,,,,,,,,,,
FMALGSGVLLDADK,,543,Enterobacteriaceae,family,2,Bacteria,,,3379134,Pseudomonadati,,,,,1224,Pseudomonadota,,,,,1236,Gammaproteobacteria,,,,,91347,Enterobacterales,,,,,,,543,Enterobacteriaceae,,,,,,,,,,,,,,,,,,,,,,,,
VGGGSATLSMGQAAAR,,91347,Enterobacterales,order,2,Bacteria,,,3379134,Pseudomonadati,,,,,1224,Pseudomonadota,,,,,1236,Gammaproteobacteria,,,,,91347,Enterobacterales,,,,,,,,,,,,,,,,,,,,,,,,,,,,,,,,
DLYLSWGSLLER,,1963758,Myomorpha,suborder,2759,Eukaryota,,,33208,Metazoa,,,,,7711,Chordata,89593,Craniata,8287,Sarcopterygii,40674,Mammalia,,,314146,Euarchontoglires,9989,Rodentia,1963758,Myomorpha,,,,,,,,,,,,,,,,,,,,,,,,,,,,,,
LPEMLKMFEDR,,1,root,no rank,,,,,,,,,,,,,,,,,,,,,,,,,,,,,,,,,,,,,,,,,,,,,,,,,,,,,,,,
DDPSQSANLLAEAK,,1279,Staphylococcus,genus,2,Bacteria,,,1783272,Bacillati,,,,,1239,Bacillota,,,,,91061,Bacilli,,,,,1385,Bacillales,,,,,,,90964,Staphylococcaceae,,,,,,,1279,Staphylococcus,,,,,,,,,,,,,,,,
TYDSYLGDDYVR,,40674,Mammalia,class,2759,Eukaryota,,,33208,Metazoa,,,,,7711,Chordata,89593,Craniata,8287,Sarcopterygii,40674,Mammalia,,,,,,,,,,,,,,,,,,,,,,,,,,,,,,,,,,,,,,
VYLSDEEEEDDD,,329046,Rhizoclosmatium globosum,species,2759,Eukaryota,,,4751,Fungi,,,,,4761,Chytridiomycota,,,,,451435,Chytridiomycetes,,,,,4810,Chytridiales,,,,,,,1352827,Chytriomycetaceae,,,,,,,109967,Rhizoclosmatium,,,,,,,329046,Rhizoclosmatium globosum,,,,,,,,
RVPLLFLQNLTGF,,1,root,no rank,,,,,,,,,,,,,,,,,,,,,,,,,,,,,,,,,,,,,,,,,,,,,,,,,,,,,,,,
QSVTVLTGGANLLHR,,286,Pseudomonas,genus,2,Bacteria,,,3379134,Pseudomonadati,,,,,1224,Pseudomonadota,,,,,1236,Gammaproteobacteria,,,,,72274,Pseudomonadales,,,,,,,135621,Pseudomonadaceae,,,,,,,286,Pseudomonas,,,,,,,,,,,,,,,,
KEMQDNTYPELLR,,1843537,Petrolisthes manimaculis,species,2759,Eukaryota,,,33208,Metazoa,,,,,6656,Arthropoda,6657,Crustacea,2172821,Multicrustacea,6681,Malacostraca,72041,Eumalacostraca,6682,Eucarida,6683,Decapoda,6692,Pleocyemata,6738,Anomura,115588,Galatheoidea,84660,Porcellanidae,,,,,,,84661,Petrolisthes,,,,,,,1843537,Petrolisthes manimaculis,,,,,,,,
TEPKEEEMTEEEK,,89593,Craniata,subphylum,2759,Eukaryota,,,33208,Metazoa,,,,,7711,Chordata,89593,Craniata,,,,,,,,,,,,,,,,,,,,,,,,,,,,,,,,,,,,,,,,,,
LWYESHYALPLGR,,314146,Euarchontoglires,superorder,2759,Eukaryota,,,33208,Metazoa,,,,,7711,Chordata,89593,Craniata,8287,Sarcopterygii,40674,Mammalia,,,314146,Euarchontoglires,,,,,,,,,,,,,,,,,,,,,,,,,,,,,,,,,,
KEMQDNTYPELLR,,1843537,Petrolisthes manimaculis,species,2759,Eukaryota,,,33208,Metazoa,,,,,6656,Arthropoda,6657,Crustacea,2172821,Multicrustacea,6681,Malacostraca,72041,Eumalacostraca,6682,Eucarida,6683,Decapoda,6692,Pleocyemata,6738,Anomura,115588,Galatheoidea,84660,Porcellanidae,,,,,,,84661,Petrolisthes,,,,,,,1843537,Petrolisthes manimaculis,,,,,,,,
YFSDFSGVYSQLSR,,1236,Gammaproteobacteria,class,2,Bacteria,,,3379134,Pseudomonadati,,,,,1224,Pseudomonadota,,,,,1236,Gammaproteobacteria,,,,,,,,,,,,,,,,,,,,,,,,,,,,,,,,,,,,,,
TVTELNEPLSNEER,,8287,Sarcopterygii,superclass,2759,Eukaryota,,,33208,Metazoa,,,,,7711,Chordata,89593,Craniata,8287,Sarcopterygii,,,,,,,,,,,,,,,,,,,,,,,,,,,,,,,,,,,,,,,,
EFWNVVNWDEAAAR,,1,root,no rank,,,,,,,,,,,,,,,,,,,,,,,,,,,,,,,,,,,,,,,,,,,,,,,,,,,,,,,,
MPCTEDYLSLLLNR,,9895,Bovidae,family,2759,Eukaryota,,,33208,Metazoa,,,,,7711,Chordata,89593,Craniata,8287,Sarcopterygii,40674,Mammalia,,,314145,Laurasiatheria,91561,Artiodactyla,9845,Ruminantia,35500,Pecora,,,9895,Bovidae,,,,,,,,,,,,,,,,,,,,,,,,
GGLYGGPSYCGAPTSQR,,1236,Gammaproteobacteria,class,2,Bacteria,,,3379134,Pseudomonadati,,,,,1224,Pseudomonadota,,,,,1236,Gammaproteobacteria,,,,,,,,,,,,,,,,,,,,,,,,,,,,,,,,,,,,,,
AAGAELVGMEDLADQLK,,1,root,no rank,,,,,,,,,,,,,,,,,,,,,,,,,,,,,,,,,,,,,,,,,,,,,,,,,,,,,,,,
VMGLMNSFVNDLFER,,84645,Labeo rohita,species,2759,Eukaryota,,,33208,Metazoa,,,,,7711,Chordata,89593,Craniata,7898,Actinopterygii,186623,Actinopteri,41665,Neopterygii,186627,Cypriniphysae,7952,Cypriniformes,30727,Cyprinoidei,,,,,7953,Cyprinidae,2743695,Labeoninae,2743697,Labeonini,,,84644,Labeo,,,,,,,84645,Labeo rohita,,,,,,,,
VLPVEEENPDFWNR,,314293,Simiiformes,infraorder,2759,Eukaryota,,,33208,Metazoa,,,,,7711,Chordata,89593,Craniata,8287,Sarcopterygii,40674,Mammalia,,,314146,Euarchontoglires,9443,Primates,376913,Haplorrhini,314293,Simiiformes,,,,,,,,,,,,,,,,,,,,,,,,,,,,
VMGLMNSFVNDLFER,,84645,Labeo rohita,species,2759,Eukaryota,,,33208,Metazoa,,,,,7711,Chordata,89593,Craniata,7898,Actinopterygii,186623,Actinopteri,41665,Neopterygii,186627,Cypriniphysae,7952,Cypriniformes,30727,Cyprinoidei,,,,,7953,Cyprinidae,2743695,Labeoninae,2743697,Labeonini,,,84644,Labeo,,,,,,,84645,Labeo rohita,,,,,,,,
VMGLMNSFVNDLFER,,84645,Labeo rohita,species,2759,Eukaryota,,,33208,Metazoa,,,,,7711,Chordata,89593,Craniata,7898,Actinopterygii,186623,Actinopteri,41665,Neopterygii,186627,Cypriniphysae,7952,Cypriniformes,30727,Cyprinoidei,,,,,7953,Cyprinidae,2743695,Labeoninae,2743697,Labeonini,,,84644,Labeo,,,,,,,84645,Labeo rohita,,,,,,,,
VMGLMNSFVNDLFER,,84645,Labeo rohita,species,2759,Eukaryota,,,33208,Metazoa,,,,,7711,Chordata,89593,Craniata,7898,Actinopterygii,186623,Actinopteri,41665,Neopterygii,186627,Cypriniphysae,7952,Cypriniformes,30727,Cyprinoidei,,,,,7953,Cyprinidae,2743695,Labeoninae,2743697,Labeonini,,,84644,Labeo,,,,,,,84645,Labeo rohita,,,,,,,,
DGALTGTYESAVGNAESR,,1883,Streptomyces,genus,2,Bacteria,,,1783272,Bacillati,,,,,201174,Actinomycetota,,,,,1760,Actinomycetes,,,,,85011,Kitasatosporales,,,,,,,2062,Streptomycetaceae,,,,,,,1883,Streptomyces,,,,,,,,,,,,,,,,
VMGFLGGTSDRPAPLSDK,,1,root,no rank,,,,,,,,,,,,,,,,,,,,,,,,,,,,,,,,,,,,,,,,,,,,,,,,,,,,,,,,
LAKEYEATLEECCAK,,27592,Bovinae,subfamily,2759,Eukaryota,,,33208,Metazoa,,,,,7711,Chordata,89593,Craniata,8287,Sarcopterygii,40674,Mammalia,,,314145,Laurasiatheria,91561,Artiodactyla,9845,Ruminantia,35500,Pecora,,,9895,Bovidae,27592,Bovinae,,,,,,,,,,,,,,,,,,,,,,
NDYFSDFSGVYSQLSR,,1236,Gammaproteobacteria,class,2,Bacteria,,,3379134,Pseudomonadati,,,,,1224,Pseudomonadota,,,,,1236,Gammaproteobacteria,,,,,,,,,,,,,,,,,,,,,,,,,,,,,,,,,,,,,,
NDYFSDFSGVYSQLSR,,1236,Gammaproteobacteria,class,2,Bacteria,,,3379134,Pseudomonadati,,,,,1224,Pseudomonadota,,,,,1236,Gammaproteobacteria,,,,,,,,,,,,,,,,,,,,,,,,,,,,,,,,,,,,,,
NDYFSDFSGVYSQLSR,,1236,Gammaproteobacteria,class,2,Bacteria,,,3379134,Pseudomonadati,,,,,1224,Pseudomonadota,,,,,1236,Gammaproteobacteria,,,,,,,,,,,,,,,,,,,,,,,,,,,,,,,,,,,,,,
GADGALTGTYESAVGNAESR,,1883,Streptomyces,genus,2,Bacteria,,,1783272,Bacillati,,,,,201174,Actinomycetota,,,,,1760,Actinomycetes,,,,,85011,Kitasatosporales,,,,,,,2062,Streptomycetaceae,,,,,,,1883,Streptomyces,,,,,,,,,,,,,,,,
VMPSVVSLNVEGSTTVNTPR,,1236,Gammaproteobacteria,class,2,Bacteria,,,3379134,Pseudomonadati,,,,,1224,Pseudomonadota,,,,,1236,Gammaproteobacteria,,,,,,,,,,,,,,,,,,,,,,,,,,,,,,,,,,,,,,
LVTAGADGALTGTYESAVGNAESR,,1883,Streptomyces,genus,2,Bacteria,,,1783272,Bacillati,,,,,201174,Actinomycetota,,,,,1760,Actinomycetes,,,,,85011,Kitasatosporales,,,,,,,2062,Streptomycetaceae,,,,,,,1883,Streptomyces,,,,,,,,,,,,,,,,
LHNMEDLFGEVMVPTEEVVELR,,1,root,no rank,,,,,,,,,,,,,,,,,,,,,,,,,,,,,,,,,,,,,,,,,,,,,,,,,,,,,,,,
LPLKGSPLLK,,1120755,Plasmodium cynomolgi strain B,strain,2759,Eukaryota,,,,,,,,,5794,Apicomplexa,,,,,422676,Aconoidasida,,,,,5819,Haemosporida,,,,,,,1639119,Plasmodiidae,,,,,,,5820,Plasmodium,418103,Plasmodium (Plasmodium),,,,,5827,Plasmodium cynomolgi,,,1120755,Plasmodium cynomolgi strain B,,,,
STLVGHDTFTK,,1883,Streptomyces,genus,2,Bacteria,,,1783272,Bacillati,,,,,201174,Actinomycetota,,,,,1760,Actinomycetes,,,,,85011,Kitasatosporales,,,,,,,2062,Streptomycetaceae,,,,,,,1883,Streptomyces,,,,,,,,,,,,,,,,
TFDVRDLLAR,,1,root,no rank,,,,,,,,,,,,,,,,,,,,,,,,,,,,,,,,,,,,,,,,,,,,,,,,,,,,,,,,
LRGVLLEQER,,3133163,Ruthenibacterium intestinale,species,2,Bacteria,,,1783272,Bacillati,,,,,1239,Bacillota,,,,,186801,Clostridia,,,,,186802,Eubacteriales,,,,,,,216572,Oscillospiraceae,,,,,,,1905344,Ruthenibacterium,,,,,,,3133163,Ruthenibacterium intestinale,,,,,,,,
LQLGLGHSYSR,,2022672,Rhynchospora breviuscula,species,2759,Eukaryota,,,33090,Viridiplantae,,,,,35493,Streptophyta,131221,Streptophytina,,,3398,Magnoliopsida,1437197,Petrosaviidae,,,38820,Poales,,,,,,,4609,Cyperaceae,986140,Cyperoideae,994702,Rhynchosporeae,,,46332,Rhynchospora,,,,,,,2022672,Rhynchospora breviuscula,,,,,,,,
LQLGLGHSYSR,,2022672,Rhynchospora breviuscula,species,2759,Eukaryota,,,33090,Viridiplantae,,,,,35493,Streptophyta,131221,Streptophytina,,,3398,Magnoliopsida,1437197,Petrosaviidae,,,38820,Poales,,,,,,,4609,Cyperaceae,986140,Cyperoideae,994702,Rhynchosporeae,,,46332,Rhynchospora,,,,,,,2022672,Rhynchospora breviuscula,,,,,,,,
SLFPSLVGRPR,,2759,Eukaryota,domain,2759,Eukaryota,,,,,,,,,,,,,,,,,,,,,,,,,,,,,,,,,,,,,,,,,,,,,,,,,,,,,,
RLTLPPPPPPR,,4530,Oryza sativa,species,2759,Eukaryota,,,33090,Viridiplantae,,,,,35493,Streptophyta,131221,Streptophytina,,,3398,Magnoliopsida,1437197,Petrosaviidae,,,38820,Poales,,,,,,,4479,Poaceae,147367,Oryzoideae,147380,Oryzeae,1648021,Oryzinae,4527,Oryza,,,,,,,4530,Oryza sativa,,,,,,,,
HLLEQHQLAR,,1,root,no rank,,,,,,,,,,,,,,,,,,,,,,,,,,,,,,,,,,,,,,,,,,,,,,,,,,,,,,,,
RDTLLLELKR,,286,Pseudomonas,genus,2,Bacteria,,,3379134,Pseudomonadati,,,,,1224,Pseudomonadota,,,,,1236,Gammaproteobacteria,,,,,72274,Pseudomonadales,,,,,,,135621,Pseudomonadaceae,,,,,,,286,Pseudomonas,,,,,,,,,,,,,,,,
LQQVGDKPRPK,,1,root,no rank,,,,,,,,,,,,,,,,,,,,,,,,,,,,,,,,,,,,,,,,,,,,,,,,,,,,,,,,
LVSSHLQVLAR,,89593,Craniata,subphylum,2759,Eukaryota,,,33208,Metazoa,,,,,7711,Chordata,89593,Craniata,,,,,,,,,,,,,,,,,,,,,,,,,,,,,,,,,,,,,,,,,,
TLLEVHQFSR,,41665,Neopterygii,subclass,2759,Eukaryota,,,33208,Metazoa,,,,,7711,Chordata,89593,Craniata,7898,Actinopterygii,186623,Actinopteri,41665,Neopterygii,,,,,,,,,,,,,,,,,,,,,,,,,,,,,,,,,,,,
HLELQVLGDKK,,1,root,no rank,,,,,,,,,,,,,,,,,,,,,,,,,,,,,,,,,,,,,,,,,,,,,,,,,,,,,,,,
ERTLLLELRR,,3062599,Pseudogemmatithrix spongiicola,species,2,Bacteria,,,3379134,Pseudomonadati,,,,,142182,Gemmatimonadota,,,,,219685,Gemmatimonadia,,,,,219686,Gemmatimonadales,,,,,,,219687,Gemmatimonadaceae,,,,,,,3237678,Pseudogemmatithrix,,,,,,,3062599,Pseudogemmatithrix spongiicola,,,,,,,,
KDLDLLSHLLR,,309799,Dictyoglomus thermophilum H-6-12,strain,2,Bacteria,,,3379134,Pseudomonadati,,,,,68297,Dictyoglomota,,,,,203486,Dictyoglomia,,,,,203487,Dictyoglomales,,,,,,,203488,Dictyoglomaceae,,,,,,,13,Dictyoglomus,,,,,,,14,Dictyoglomus thermophilum,,,309799,Dictyoglomus thermophilum H-6-12,,,,
NGSLGHDLHHPR,,286,Pseudomonas,genus,2,Bacteria,,,3379134,Pseudomonadati,,,,,1224,Pseudomonadota,,,,,1236,Gammaproteobacteria,,,,,72274,Pseudomonadales,,,,,,,135621,Pseudomonadaceae,,,,,,,286,Pseudomonas,,,,,,,,,,,,,,,,
NGSLGHDLHHPR,,286,Pseudomonas,genus,2,Bacteria,,,3379134,Pseudomonadati,,,,,1224,Pseudomonadota,,,,,1236,Gammaproteobacteria,,,,,72274,Pseudomonadales,,,,,,,135621,Pseudomonadaceae,,,,,,,286,Pseudomonas,,,,,,,,,,,,,,,,
RNRPLPQWLR,,2759,Eukaryota,domain,2759,Eukaryota,,,,,,,,,,,,,,,,,,,,,,,,,,,,,,,,,,,,,,,,,,,,,,,,,,,,,,
VRLESELNTYR,,246437,Tupaia chinensis,species,2759,Eukaryota,,,33208,Metazoa,,,,,7711,Chordata,89593,Craniata,8287,Sarcopterygii,40674,Mammalia,,,314146,Euarchontoglires,9392,Scandentia,,,,,,,9393,Tupaiidae,,,,,,,9394,Tupaia,,,,,,,246437,Tupaia chinensis,,,,,,,,
GVLDDLRNDLDR,,10036,Mesocricetus auratus,species,2759,Eukaryota,,,33208,Metazoa,,,,,7711,Chordata,89593,Craniata,8287,Sarcopterygii,40674,Mammalia,,,314146,Euarchontoglires,9989,Rodentia,1963758,Myomorpha,,,,,337677,Cricetidae,10026,Cricetinae,,,,,10035,Mesocricetus,,,,,,,10036,Mesocricetus auratus,,,,,,,,
VFHPFLAGPYNR,,1594786,Clarias magur,species,2759,Eukaryota,,,33208,Metazoa,,,,,7711,Chordata,89593,Craniata,7898,Actinopterygii,186623,Actinopteri,41665,Neopterygii,186628,Characiphysae,7995,Siluriformes,1489793,Siluroidei,,,,,31009,Clariidae,,,,,,,13012,Clarias,,,,,,,1594786,Clarias magur,,,,,,,,
SLHTLFGDELCK,,1,root,no rank,,,,,,,,,,,,,,,,,,,,,,,,,,,,,,,,,,,,,,,,,,,,,,,,,,,,,,,,
KEAAAAAAAAAAAAAVK,,61207,Monilinia vaccinii-corymbosi,species,2759,Eukaryota,,,4751,Fungi,451864,Dikarya,,,4890,Ascomycota,147538,Pezizomycotina,,,147548,Leotiomycetes,,,,,5178,Helotiales,,,,,,,28983,Sclerotiniaceae,,,,,,,38447,Monilinia,,,,,,,61207,Monilinia vaccinii-corymbosi,,,,,,,,
KAHEDPMYDLLR,,89593,Craniata,subphylum,2759,Eukaryota,,,33208,Metazoa,,,,,7711,Chordata,89593,Craniata,,,,,,,,,,,,,,,,,,,,,,,,,,,,,,,,,,,,,,,,,,
ATLGEVGNAEHMLR,,1,root,no rank,,,,,,,,,,,,,,,,,,,,,,,,,,,,,,,,,,,,,,,,,,,,,,,,,,,,,,,,
VKWPNDLYLQDR,,1,root,no rank,,,,,,,,,,,,,,,,,,,,,,,,,,,,,,,,,,,,,,,,,,,,,,,,,,,,,,,,
SETAPAAPAAPAPVEK,,1963758,Myomorpha,suborder,2759,Eukaryota,,,33208,Metazoa,,,,,7711,Chordata,89593,Craniata,8287,Sarcopterygii,40674,Mammalia,,,314146,Euarchontoglires,9989,Rodentia,1963758,Myomorpha,,,,,,,,,,,,,,,,,,,,,,,,,,,,,,
KWHHTFYNELR,,85439,Delphinium grandiflorum,species,2759,Eukaryota,,,33090,Viridiplantae,,,,,35493,Streptophyta,131221,Streptophytina,,,3398,Magnoliopsida,,,,,41768,Ranunculales,,,,,,,3440,Ranunculaceae,1463138,Ranunculoideae,1463140,Delphinieae,,,46246,Delphinium,,,,,,,85439,Delphinium grandiflorum,,,,,,,,
GLWHHTFYNELR,,2759,Eukaryota,domain,2759,Eukaryota,,,,,,,,,,,,,,,,,,,,,,,,,,,,,,,,,,,,,,,,,,,,,,,,,,,,,,
LSGPYGGGGQYFAKPR,,9539,Macaca,genus,2759,Eukaryota,,,33208,Metazoa,,,,,7711,Chordata,89593,Craniata,8287,Sarcopterygii,40674,Mammalia,,,314146,Euarchontoglires,9443,Primates,376913,Haplorrhini,314293,Simiiformes,314294,Cercopithecoidea,9527,Cercopithecidae,9528,Cercopithecinae,,,,,9539,Macaca,,,,,,,,,,,,,,,,
LLGVGGEDDDGEVHRK,,240206,Pterocles gutturalis,species,2759,Eukaryota,,,33208,Metazoa,,,,,7711,Chordata,89593,Craniata,8287,Sarcopterygii,8782,Aves,,,,,3073800,Pterocliformes,,,,,,,56295,Pteroclidae,,,,,,,56296,Pterocles,,,,,,,240206,Pterocles gutturalis,,,,,,,,
RDLNELAEQNLLLR,,543,Enterobacteriaceae,family,2,Bacteria,,,3379134,Pseudomonadati,,,,,1224,Pseudomonadota,,,,,1236,Gammaproteobacteria,,,,,91347,Enterobacterales,,,,,,,543,Enterobacteriaceae,,,,,,,,,,,,,,,,,,,,,,,,
KVLDSKPSVLALNLQR,,91347,Enterobacterales,order,2,Bacteria,,,3379134,Pseudomonadati,,,,,1224,Pseudomonadota,,,,,1236,Gammaproteobacteria,,,,,91347,Enterobacterales,,,,,,,,,,,,,,,,,,,,,,,,,,,,,,,,
VMGLMNSFVNDLFER,,84645,Labeo rohita,species,2759,Eukaryota,,,33208,Metazoa,,,,,7711,Chordata,89593,Craniata,7898,Actinopterygii,186623,Actinopteri,41665,Neopterygii,186627,Cypriniphysae,7952,Cypriniformes,30727,Cyprinoidei,,,,,7953,Cyprinidae,2743695,Labeoninae,2743697,Labeonini,,,84644,Labeo,,,,,,,84645,Labeo rohita,,,,,,,,
LLFDPFELDTSVTPGR,,30559,Yinpterochiroptera,suborder,2759,Eukaryota,,,33208,Metazoa,,,,,7711,Chordata,89593,Craniata,8287,Sarcopterygii,40674,Mammalia,,,314145,Laurasiatheria,9397,Chiroptera,30559,Yinpterochiroptera,,,,,,,,,,,,,,,,,,,,,,,,,,,,,,
YKVPQLELVPNSAEER,,27592,Bovinae,subfamily,2759,Eukaryota,,,33208,Metazoa,,,,,7711,Chordata,89593,Craniata,8287,Sarcopterygii,40674,Mammalia,,,314145,Laurasiatheria,91561,Artiodactyla,9845,Ruminantia,35500,Pecora,,,9895,Bovidae,27592,Bovinae,,,,,,,,,,,,,,,,,,,,,,
SATPLANGSLGHDLHHPR,,286,Pseudomonas,genus,2,Bacteria,,,3379134,Pseudomonadati,,,,,1224,Pseudomonadota,,,,,1236,Gammaproteobacteria,,,,,72274,Pseudomonadales,,,,,,,135621,Pseudomonadaceae,,,,,,,286,Pseudomonas,,,,,,,,,,,,,,,,
VGYSQGATQYTQAQQTR,,8782,Aves,class,2759,Eukaryota,,,33208,Metazoa,,,,,7711,Chordata,89593,Craniata,8287,Sarcopterygii,8782,Aves,,,,,,,,,,,,,,,,,,,,,,,,,,,,,,,,,,,,,,
HQPHQPLPPTVMFPPQS,,27592,Bovinae,subfamily,2759,Eukaryota,,,33208,Metazoa,,,,,7711,Chordata,89593,Craniata,8287,Sarcopterygii,40674,Mammalia,,,314145,Laurasiatheria,91561,Artiodactyla,9845,Ruminantia,35500,Pecora,,,9895,Bovidae,27592,Bovinae,,,,,,,,,,,,,,,,,,,,,,
HQPHQPLPPTVMFPPQS,,27592,Bovinae,subfamily,2759,Eukaryota,,,33208,Metazoa,,,,,7711,Chordata,89593,Craniata,8287,Sarcopterygii,40674,Mammalia,,,314145,Laurasiatheria,91561,Artiodactyla,9845,Ruminantia,35500,Pecora,,,9895,Bovidae,27592,Bovinae,,,,,,,,,,,,,,,,,,,,,,
VLSESDFQVNQLLDLLR,,1,root,no rank,,,,,,,,,,,,,,,,,,,,,,,,,,,,,,,,,,,,,,,,,,,,,,,,,,,,,,,,
DDQNPHSSNLCNLSCDK,,35500,Pecora,infraorder,2759,Eukaryota,,,33208,Metazoa,,,,,7711,Chordata,89593,Craniata,8287,Sarcopterygii,40674,Mammalia,,,314145,Laurasiatheria,91561,Artiodactyla,9845,Ruminantia,35500,Pecora,,,,,,,,,,,,,,,,,,,,,,,,,,,,
LNTQWLLTSGTTEANAWK,,1883,Streptomyces,genus,2,Bacteria,,,1783272,Bacillati,,,,,201174,Actinomycetota,,,,,1760,Actinomycetes,,,,,85011,Kitasatosporales,,,,,,,2062,Streptomycetaceae,,,,,,,1883,Streptomyces,,,,,,,,,,,,,,,,
LNTQWLLTSGTTEANAWK,,1883,Streptomyces,genus,2,Bacteria,,,1783272,Bacillati,,,,,201174,Actinomycetota,,,,,1760,Actinomycetes,,,,,85011,Kitasatosporales,,,,,,,2062,Streptomycetaceae,,,,,,,1883,Streptomyces,,,,,,,,,,,,,,,,
LFVGGLKEDTEEHHLRK,,30357,Pyxicephalus adspersus,species,2759,Eukaryota,,,33208,Metazoa,,,,,7711,Chordata,89593,Craniata,8287,Sarcopterygii,8292,Amphibia,,,41666,Batrachia,8342,Anura,8416,Neobatrachia,,,30352,Ranoidea,685130,Pyxicephalidae,1191377,Pyxicephalinae,,,,,30356,Pyxicephalus,,,,,,,30357,Pyxicephalus adspersus,,,,,,,,
THAPSLLFMDELDSLGSSR,,35587,Myxobolidae,family,2759,Eukaryota,,,33208,Metazoa,,,,,6073,Cnidaria,,,,,35581,Myxozoa,35582,Myxosporea,,,35583,Bivalvulida,109802,Platysporina,,,,,35587,Myxobolidae,,,,,,,,,,,,,,,,,,,,,,,,
VDFDADKLKENLEALLVALK,,1,root,no rank,,,,,,,,,,,,,,,,,,,,,,,,,,,,,,,,,,,,,,,,,,,,,,,,,,,,,,,,
QLLQELQESFGGPTGEHNSPR,,543,Enterobacteriaceae,family,2,Bacteria,,,3379134,Pseudomonadati,,,,,1224,Pseudomonadota,,,,,1236,Gammaproteobacteria,,,,,91347,Enterobacterales,,,,,,,543,Enterobacteriaceae,,,,,,,,,,,,,,,,,,,,,,,,
SSGDGVTHTVPLYEGYALPHALLR,,1,root,no rank,,,,,,,,,,,,,,,,,,,,,,,,,,,,,,,,,,,,,,,,,,,,,,,,,,,,,,,,
GSLGHDLHHPR,,286,Pseudomonas,genus,2,Bacteria,,,3379134,Pseudomonadati,,,,,1224,Pseudomonadota,,,,,1236,Gammaproteobacteria,,,,,72274,Pseudomonadales,,,,,,,135621,Pseudomonadaceae,,,,,,,286,Pseudomonas,,,,,,,,,,,,,,,,
QAFGGLAAAR,,2910984,Solidesulfovibrio,genus,2,Bacteria,,,3379134,Pseudomonadati,,,,,200940,Thermodesulfobacteriota,,,,,3031449,Desulfovibrionia,,,,,213115,Desulfovibrionales,,,,,,,194924,Desulfovibrionaceae,,,,,,,2910984,Solidesulfovibrio,,,,,,,,,,,,,,,,
AELGAAAATK,,5098,Monascus purpureus,species,2759,Eukaryota,,,4751,Fungi,451864,Dikarya,,,4890,Ascomycota,147538,Pezizomycotina,,,147545,Eurotiomycetes,451871,Eurotiomycetidae,,,5042,Eurotiales,,,,,,,1131492,Aspergillaceae,,,,,,,5097,Monascus,,,,,,,5098,Monascus purpureus,,,,,,,,
VVVGVVAGNR,,2606593,Amycolatopsis camponoti,species,2,Bacteria,,,1783272,Bacillati,,,,,201174,Actinomycetota,,,,,1760,Actinomycetes,,,,,85010,Pseudonocardiales,,,,,,,2070,Pseudonocardiaceae,,,,,,,1813,Amycolatopsis,,,,,,,2606593,Amycolatopsis camponoti,,,,,,,,
VVVGVVAGNR,,2606593,Amycolatopsis camponoti,species,2,Bacteria,,,1783272,Bacillati,,,,,201174,Actinomycetota,,,,,1760,Actinomycetes,,,,,85010,Pseudonocardiales,,,,,,,2070,Pseudonocardiaceae,,,,,,,1813,Amycolatopsis,,,,,,,2606593,Amycolatopsis camponoti,,,,,,,,
ALLANALAGR,,1,root,no rank,,,,,,,,,,,,,,,,,,,,,,,,,,,,,,,,,,,,,,,,,,,,,,,,,,,,,,,,
VGFAGDDAPR,,2759,Eukaryota,domain,2759,Eukaryota,,,,,,,,,,,,,,,,,,,,,,,,,,,,,,,,,,,,,,,,,,,,,,,,,,,,,,
VGFAGDDAPR,,2759,Eukaryota,domain,2759,Eukaryota,,,,,,,,,,,,,,,,,,,,,,,,,,,,,,,,,,,,,,,,,,,,,,,,,,,,,,
VGFAGDDAPR,,2759,Eukaryota,domain,2759,Eukaryota,,,,,,,,,,,,,,,,,,,,,,,,,,,,,,,,,,,,,,,,,,,,,,,,,,,,,,
VAAAAAAVAAVK,,252184,Bombardia bombarda,species,2759,Eukaryota,,,4751,Fungi,451864,Dikarya,,,4890,Ascomycota,147538,Pezizomycotina,,,147550,Sordariomycetes,222544,Sordariomycetidae,,,5139,Sordariales,,,,,,,42302,Lasiosphaeriaceae,,,,,,,252183,Bombardia,,,,,,,252184,Bombardia bombarda,,,,,,,,
LGFAGDDAPR,,2759,Eukaryota,domain,2759,Eukaryota,,,,,,,,,,,,,,,,,,,,,,,,,,,,,,,,,,,,,,,,,,,,,,,,,,,,,,
LGFAGDDAPR,,2759,Eukaryota,domain,2759,Eukaryota,,,,,,,,,,,,,,,,,,,,,,,,,,,,,,,,,,,,,,,,,,,,,,,,,,,,,,
LGFAGDDAPR,,2759,Eukaryota,domain,2759,Eukaryota,,,,,,,,,,,,,,,,,,,,,,,,,,,,,,,,,,,,,,,,,,,,,,,,,,,,,,
ESAVGNAESR,,1883,Streptomyces,genus,2,Bacteria,,,1783272,Bacillati,,,,,201174,Actinomycetota,,,,,1760,Actinomycetes,,,,,85011,Kitasatosporales,,,,,,,2062,Streptomycetaceae,,,,,,,1883,Streptomyces,,,,,,,,,,,,,,,,
ESAVGNAESR,,1883,Streptomyces,genus,2,Bacteria,,,1783272,Bacillati,,,,,201174,Actinomycetota,,,,,1760,Actinomycetes,,,,,85011,Kitasatosporales,,,,,,,2062,Streptomycetaceae,,,,,,,1883,Streptomyces,,,,,,,,,,,,,,,,
ESAVGNAESR,,1883,Streptomyces,genus,2,Bacteria,,,1783272,Bacillati,,,,,201174,Actinomycetota,,,,,1760,Actinomycetes,,,,,85011,Kitasatosporales,,,,,,,2062,Streptomycetaceae,,,,,,,1883,Streptomyces,,,,,,,,,,,,,,,,
ESAVGNAESR,,1883,Streptomyces,genus,2,Bacteria,,,1783272,Bacillati,,,,,201174,Actinomycetota,,,,,1760,Actinomycetes,,,,,85011,Kitasatosporales,,,,,,,2062,Streptomycetaceae,,,,,,,1883,Streptomyces,,,,,,,,,,,,,,,,
ESAVGNAESR,,1883,Streptomyces,genus,2,Bacteria,,,1783272,Bacillati,,,,,201174,Actinomycetota,,,,,1760,Actinomycetes,,,,,85011,Kitasatosporales,,,,,,,2062,Streptomycetaceae,,,,,,,1883,Streptomyces,,,,,,,,,,,,,,,,
AEGESGHLAR,,128782,Bosea minatitlanensis,species,2,Bacteria,,,3379134,Pseudomonadati,,,,,1224,Pseudomonadota,,,,,28211,Alphaproteobacteria,,,,,356,Hyphomicrobiales,,,,,,,2831100,Boseaceae,,,,,,,85413,Bosea,,,,,,,128782,Bosea minatitlanensis,,,,,,,,
ESAVGNAESR,,1883,Streptomyces,genus,2,Bacteria,,,1783272,Bacillati,,,,,201174,Actinomycetota,,,,,1760,Actinomycetes,,,,,85011,Kitasatosporales,,,,,,,2062,Streptomycetaceae,,,,,,,1883,Streptomyces,,,,,,,,,,,,,,,,
ESAVGNAESR,,1883,Streptomyces,genus,2,Bacteria,,,1783272,Bacillati,,,,,201174,Actinomycetota,,,,,1760,Actinomycetes,,,,,85011,Kitasatosporales,,,,,,,2062,Streptomycetaceae,,,,,,,1883,Streptomyces,,,,,,,,,,,,,,,,
YDNATAAVAK,,286,Pseudomonas,genus,2,Bacteria,,,3379134,Pseudomonadati,,,,,1224,Pseudomonadota,,,,,1236,Gammaproteobacteria,,,,,72274,Pseudomonadales,,,,,,,135621,Pseudomonadaceae,,,,,,,286,Pseudomonas,,,,,,,,,,,,,,,,
AGENVGVLLR,,1,root,no rank,,,,,,,,,,,,,,,,,,,,,,,,,,,,,,,,,,,,,,,,,,,,,,,,,,,,,,,,
VSLLTSDGLK,,3379134,Pseudomonadati,kingdom,2,Bacteria,,,3379134,Pseudomonadati,,,,,,,,,,,,,,,,,,,,,,,,,,,,,,,,,,,,,,,,,,,,,,,,,,
VVPLPVVLTV,,556532,Rugosimonospora africana,species,2,Bacteria,,,1783272,Bacillati,,,,,201174,Actinomycetota,,,,,1760,Actinomycetes,,,,,85008,Micromonosporales,,,,,,,28056,Micromonosporaceae,,,,,,,1198243,Rugosimonospora,,,,,,,556532,Rugosimonospora africana,,,,,,,,
KGFAGDDAPR,,2759,Eukaryota,domain,2759,Eukaryota,,,,,,,,,,,,,,,,,,,,,,,,,,,,,,,,,,,,,,,,,,,,,,,,,,,,,,
AVEELSAPVK,,28100,Phyllobacterium,genus,2,Bacteria,,,3379134,Pseudomonadati,,,,,1224,Pseudomonadota,,,,,28211,Alphaproteobacteria,,,,,356,Hyphomicrobiales,,,,,,,69277,Phyllobacteriaceae,,,,,,,28100,Phyllobacterium,,,,,,,,,,,,,,,,
AVEELSAPVK,,28100,Phyllobacterium,genus,2,Bacteria,,,3379134,Pseudomonadati,,,,,1224,Pseudomonadota,,,,,28211,Alphaproteobacteria,,,,,356,Hyphomicrobiales,,,,,,,69277,Phyllobacteriaceae,,,,,,,28100,Phyllobacterium,,,,,,,,,,,,,,,,
VGNFGFGDSR,,314293,Simiiformes,infraorder,2759,Eukaryota,,,33208,Metazoa,,,,,7711,Chordata,89593,Craniata,8287,Sarcopterygii,40674,Mammalia,,,314146,Euarchontoglires,9443,Primates,376913,Haplorrhini,314293,Simiiformes,,,,,,,,,,,,,,,,,,,,,,,,,,,,
ALVQASQAEK,,1048519,Viridothelium virens,species,2759,Eukaryota,,,4751,Fungi,451864,Dikarya,,,4890,Ascomycota,147538,Pezizomycotina,,,147541,Dothideomycetes,,,,,714581,Trypetheliales,,,,,,,271822,Trypetheliaceae,,,,,,,1929940,Viridothelium,,,,,,,1048519,Viridothelium virens,,,,,,,,
AGLLAQVPAGR,,1,root,no rank,,,,,,,,,,,,,,,,,,,,,,,,,,,,,,,,,,,,,,,,,,,,,,,,,,,,,,,,
NGLLHTTLGK,,1,root,no rank,,,,,,,,,,,,,,,,,,,,,,,,,,,,,,,,,,,,,,,,,,,,,,,,,,,,,,,,
NGPQLADLVK,,1,root,no rank,,,,,,,,,,,,,,,,,,,,,,,,,,,,,,,,,,,,,,,,,,,,,,,,,,,,,,,,
VGNFGFGDSR,,314293,Simiiformes,infraorder,2759,Eukaryota,,,33208,Metazoa,,,,,7711,Chordata,89593,Craniata,8287,Sarcopterygii,40674,Mammalia,,,314146,Euarchontoglires,9443,Primates,376913,Haplorrhini,314293,Simiiformes,,,,,,,,,,,,,,,,,,,,,,,,,,,,
DGPQLADLVK,,2590451,Martelella alba,species,2,Bacteria,,,3379134,Pseudomonadati,,,,,1224,Pseudomonadota,,,,,28211,Alphaproteobacteria,,,,,356,Hyphomicrobiales,,,,,,,255475,Aurantimonadaceae,,,,,,,293088,Martelella,,,,,,,2590451,Martelella alba,,,,,,,,
ADPVSAQVLR,,1387313,Streptantibioticus rubrisoli,species,2,Bacteria,,,1783272,Bacillati,,,,,201174,Actinomycetota,,,,,1760,Actinomycetes,,,,,85011,Kitasatosporales,,,,,,,2062,Streptomycetaceae,,,,,,,2995706,Streptantibioticus,,,,,,,1387313,Streptantibioticus rubrisoli,,,,,,,,
DGPQLADLVK,,2590451,Martelella alba,species,2,Bacteria,,,3379134,Pseudomonadati,,,,,1224,Pseudomonadota,,,,,28211,Alphaproteobacteria,,,,,356,Hyphomicrobiales,,,,,,,255475,Aurantimonadaceae,,,,,,,293088,Martelella,,,,,,,2590451,Martelella alba,,,,,,,,
VGENVGVLLR,,1,root,no rank,,,,,,,,,,,,,,,,,,,,,,,,,,,,,,,,,,,,,,,,,,,,,,,,,,,,,,,,
PAGYGYGYGR,,418708,Methylobacterium aerolatum,species,2,Bacteria,,,3379134,Pseudomonadati,,,,,1224,Pseudomonadota,,,,,28211,Alphaproteobacteria,,,,,356,Hyphomicrobiales,,,,,,,119045,Methylobacteriaceae,,,,,,,407,Methylobacterium,,,,,,,418708,Methylobacterium aerolatum,,,,,,,,
TLLNNGNSPK,,1236,Gammaproteobacteria,class,2,Bacteria,,,3379134,Pseudomonadati,,,,,1224,Pseudomonadota,,,,,1236,Gammaproteobacteria,,,,,,,,,,,,,,,,,,,,,,,,,,,,,,,,,,,,,,
VGNFGFGDSR,,314293,Simiiformes,infraorder,2759,Eukaryota,,,33208,Metazoa,,,,,7711,Chordata,89593,Craniata,8287,Sarcopterygii,40674,Mammalia,,,314146,Euarchontoglires,9443,Primates,376913,Haplorrhini,314293,Simiiformes,,,,,,,,,,,,,,,,,,,,,,,,,,,,
LGGYGYGYGR,,215803,Enhygromyxa salina,species,2,Bacteria,,,3379134,Pseudomonadati,,,,,2818505,Myxococcota,,,,,,,3031711,Polyangia,,,3031713,Nannocystales,,,,,,,224463,Nannocystaceae,,,,,,,215802,Enhygromyxa,,,,,,,215803,Enhygromyxa salina,,,,,,,,
LGGYGYGYGR,,215803,Enhygromyxa salina,species,2,Bacteria,,,3379134,Pseudomonadati,,,,,2818505,Myxococcota,,,,,,,3031711,Polyangia,,,3031713,Nannocystales,,,,,,,224463,Nannocystaceae,,,,,,,215802,Enhygromyxa,,,,,,,215803,Enhygromyxa salina,,,,,,,,
PAGYGYGYGR,,418708,Methylobacterium aerolatum,species,2,Bacteria,,,3379134,Pseudomonadati,,,,,1224,Pseudomonadota,,,,,28211,Alphaproteobacteria,,,,,356,Hyphomicrobiales,,,,,,,119045,Methylobacteriaceae,,,,,,,407,Methylobacterium,,,,,,,418708,Methylobacterium aerolatum,,,,,,,,
PAGYGYGYGR,,418708,Methylobacterium aerolatum,species,2,Bacteria,,,3379134,Pseudomonadati,,,,,1224,Pseudomonadota,,,,,28211,Alphaproteobacteria,,,,,356,Hyphomicrobiales,,,,,,,119045,Methylobacteriaceae,,,,,,,407,Methylobacterium,,,,,,,418708,Methylobacterium aerolatum,,,,,,,,
LGGYGYGYGR,,215803,Enhygromyxa salina,species,2,Bacteria,,,3379134,Pseudomonadati,,,,,2818505,Myxococcota,,,,,,,3031711,Polyangia,,,3031713,Nannocystales,,,,,,,224463,Nannocystaceae,,,,,,,215802,Enhygromyxa,,,,,,,215803,Enhygromyxa salina,,,,,,,,
LASPATLNSR,,10181,Heterocephalus glaber,species,2759,Eukaryota,,,33208,Metazoa,,,,,7711,Chordata,89593,Craniata,8287,Sarcopterygii,40674,Mammalia,,,314146,Euarchontoglires,9989,Rodentia,33550,Hystricomorpha,,,,,10167,Bathyergidae,,,,,,,10180,Heterocephalus,,,,,,,10181,Heterocephalus glaber,,,,,,,,
LASPATLNSR,,10181,Heterocephalus glaber,species,2759,Eukaryota,,,33208,Metazoa,,,,,7711,Chordata,89593,Craniata,8287,Sarcopterygii,40674,Mammalia,,,314146,Euarchontoglires,9989,Rodentia,33550,Hystricomorpha,,,,,10167,Bathyergidae,,,,,,,10180,Heterocephalus,,,,,,,10181,Heterocephalus glaber,,,,,,,,
ATAAAAAAAAAVK,,2759,Eukaryota,domain,2759,Eukaryota,,,,,,,,,,,,,,,,,,,,,,,,,,,,,,,,,,,,,,,,,,,,,,,,,,,,,,
GVEGVTSVSDK,,1,root,no rank,,,,,,,,,,,,,,,,,,,,,,,,,,,,,,,,,,,,,,,,,,,,,,,,,,,,,,,,
LLDVLLPPAK,,1,root,no rank,,,,,,,,,,,,,,,,,,,,,,,,,,,,,,,,,,,,,,,,,,,,,,,,,,,,,,,,
VGALHAQLDR,,2735135,Azospirillum oleiclasticum,species,2,Bacteria,,,3379134,Pseudomonadati,,,,,1224,Pseudomonadota,,,,,28211,Alphaproteobacteria,,,,,204441,Rhodospirillales,,,,,,,2829815,Azospirillaceae,,,,,,,191,Azospirillum,,,,,,,2735135,Azospirillum oleiclasticum,,,,,,,,
RGSASTEVLR,,2495581,Aquibium carbonis,species,2,Bacteria,,,3379134,Pseudomonadati,,,,,1224,Pseudomonadota,,,,,28211,Alphaproteobacteria,,,,,356,Hyphomicrobiales,,,,,,,69277,Phyllobacteriaceae,,,,,,,2911176,Aquibium,,,,,,,2495581,Aquibium carbonis,,,,,,,,
PPLPEAEGVK,,5693,Trypanosoma cruzi,species,2759,Eukaryota,,,,,,,,,33682,Euglenozoa,,,,,5653,Kinetoplastea,2704647,Metakinetoplastina,,,2704949,Trypanosomatida,,,,,,,5654,Trypanosomatidae,,,,,,,5690,Trypanosoma,47570,Schizotrypanum,,,,,5693,Trypanosoma cruzi,,,,,,,,
LAPPPPPVPR,,2759,Eukaryota,domain,2759,Eukaryota,,,,,,,,,,,,,,,,,,,,,,,,,,,,,,,,,,,,,,,,,,,,,,,,,,,,,,
AGTLQLQLVK,,1031224,Chitinophaga oryziterrae,species,2,Bacteria,,,3379134,Pseudomonadati,,,,,976,Bacteroidota,,,,,1853228,Chitinophagia,,,,,1853229,Chitinophagales,,,,,,,563835,Chitinophagaceae,,,,,,,79328,Chitinophaga,,,,,,,1031224,Chitinophaga oryziterrae,,,,,,,,
TGVLLQQGVK,,2593652,Mangrovibacillus cuniculi,species,2,Bacteria,,,1783272,Bacillati,,,,,1239,Bacillota,,,,,91061,Bacilli,,,,,1385,Bacillales,,,,,,,186817,Bacillaceae,,,,,,,2920444,Mangrovibacillus,,,,,,,2593652,Mangrovibacillus cuniculi,,,,,,,,
LAQTLLNLAK,,1,root,no rank,,,,,,,,,,,,,,,,,,,,,,,,,,,,,,,,,,,,,,,,,,,,,,,,,,,,,,,,
AGTLQLQLVK,,1031224,Chitinophaga oryziterrae,species,2,Bacteria,,,3379134,Pseudomonadati,,,,,976,Bacteroidota,,,,,1853228,Chitinophagia,,,,,1853229,Chitinophagales,,,,,,,563835,Chitinophagaceae,,,,,,,79328,Chitinophaga,,,,,,,1031224,Chitinophaga oryziterrae,,,,,,,,
AGTLQLQLVK,,1031224,Chitinophaga oryziterrae,species,2,Bacteria,,,3379134,Pseudomonadati,,,,,976,Bacteroidota,,,,,1853228,Chitinophagia,,,,,1853229,Chitinophagales,,,,,,,563835,Chitinophagaceae,,,,,,,79328,Chitinophaga,,,,,,,1031224,Chitinophaga oryziterrae,,,,,,,,
AGTLQLQLVK,,1031224,Chitinophaga oryziterrae,species,2,Bacteria,,,3379134,Pseudomonadati,,,,,976,Bacteroidota,,,,,1853228,Chitinophagia,,,,,1853229,Chitinophagales,,,,,,,563835,Chitinophagaceae,,,,,,,79328,Chitinophaga,,,,,,,1031224,Chitinophaga oryziterrae,,,,,,,,
AGTLQLQLVK,,1031224,Chitinophaga oryziterrae,species,2,Bacteria,,,3379134,Pseudomonadati,,,,,976,Bacteroidota,,,,,1853228,Chitinophagia,,,,,1853229,Chitinophagales,,,,,,,563835,Chitinophagaceae,,,,,,,79328,Chitinophaga,,,,,,,1031224,Chitinophaga oryziterrae,,,,,,,,
AGTLQLQLVK,,1031224,Chitinophaga oryziterrae,species,2,Bacteria,,,3379134,Pseudomonadati,,,,,976,Bacteroidota,,,,,1853228,Chitinophagia,,,,,1853229,Chitinophagales,,,,,,,563835,Chitinophagaceae,,,,,,,79328,Chitinophaga,,,,,,,1031224,Chitinophaga oryziterrae,,,,,,,,
AGTLQLQLVK,,1031224,Chitinophaga oryziterrae,species,2,Bacteria,,,3379134,Pseudomonadati,,,,,976,Bacteroidota,,,,,1853228,Chitinophagia,,,,,1853229,Chitinophagales,,,,,,,563835,Chitinophagaceae,,,,,,,79328,Chitinophaga,,,,,,,1031224,Chitinophaga oryziterrae,,,,,,,,
LDAGQEQLGR,,1,root,no rank,,,,,,,,,,,,,,,,,,,,,,,,,,,,,,,,,,,,,,,,,,,,,,,,,,,,,,,,
LAPPPPPVPR,,2759,Eukaryota,domain,2759,Eukaryota,,,,,,,,,,,,,,,,,,,,,,,,,,,,,,,,,,,,,,,,,,,,,,,,,,,,,,
LSLDSALPDR,,1,root,no rank,,,,,,,,,,,,,,,,,,,,,,,,,,,,,,,,,,,,,,,,,,,,,,,,,,,,,,,,
LSLDSALPDR,,1,root,no rank,,,,,,,,,,,,,,,,,,,,,,,,,,,,,,,,,,,,,,,,,,,,,,,,,,,,,,,,
VAAMADLLER,,2,Bacteria,domain,2,Bacteria,,,,,,,,,,,,,,,,,,,,,,,,,,,,,,,,,,,,,,,,,,,,,,,,,,,,,,
FGTVLLSGPR,,1078905,Nitrosotalea devaniterrae,species,2157,Archaea,,,1783275,Thermoproteati,,,,,651137,Nitrososphaerota,,,,,1643678,Nitrososphaeria,,,,,3373481,Nitrosotaleales,,,,,,,3373482,Nitrosotaleaceae,,,,,,,1078904,Nitrosotalea,,,,,,,1078905,Nitrosotalea devaniterrae,,,,,,,,
AQVGTMPVGSK,,543,Enterobacteriaceae,family,2,Bacteria,,,3379134,Pseudomonadati,,,,,1224,Pseudomonadota,,,,,1236,Gammaproteobacteria,,,,,91347,Enterobacterales,,,,,,,543,Enterobacteriaceae,,,,,,,,,,,,,,,,,,,,,,,,
PEPVEVVAPR,,630683,Muraenolepis orangiensis,species,2759,Eukaryota,,,33208,Metazoa,,,,,7711,Chordata,89593,Craniata,7898,Actinopterygii,186623,Actinopteri,41665,Neopterygii,,,8043,Gadiformes,1489846,Muraenolepidoidei,,,,,30760,Muraenolepididae,,,,,,,487676,Muraenolepis,,,,,,,630683,Muraenolepis orangiensis,,,,,,,,
PEPVEVVAPR,,630683,Muraenolepis orangiensis,species,2759,Eukaryota,,,33208,Metazoa,,,,,7711,Chordata,89593,Craniata,7898,Actinopterygii,186623,Actinopteri,41665,Neopterygii,,,8043,Gadiformes,1489846,Muraenolepidoidei,,,,,30760,Muraenolepididae,,,,,,,487676,Muraenolepis,,,,,,,630683,Muraenolepis orangiensis,,,,,,,,
PEPVEVVAPR,,630683,Muraenolepis orangiensis,species,2759,Eukaryota,,,33208,Metazoa,,,,,7711,Chordata,89593,Craniata,7898,Actinopterygii,186623,Actinopteri,41665,Neopterygii,,,8043,Gadiformes,1489846,Muraenolepidoidei,,,,,30760,Muraenolepididae,,,,,,,487676,Muraenolepis,,,,,,,630683,Muraenolepis orangiensis,,,,,,,,
PEPVEVVAPR,,630683,Muraenolepis orangiensis,species,2759,Eukaryota,,,33208,Metazoa,,,,,7711,Chordata,89593,Craniata,7898,Actinopterygii,186623,Actinopteri,41665,Neopterygii,,,8043,Gadiformes,1489846,Muraenolepidoidei,,,,,30760,Muraenolepididae,,,,,,,487676,Muraenolepis,,,,,,,630683,Muraenolepis orangiensis,,,,,,,,
PEPVEVVAPR,,630683,Muraenolepis orangiensis,species,2759,Eukaryota,,,33208,Metazoa,,,,,7711,Chordata,89593,Craniata,7898,Actinopterygii,186623,Actinopteri,41665,Neopterygii,,,8043,Gadiformes,1489846,Muraenolepidoidei,,,,,30760,Muraenolepididae,,,,,,,487676,Muraenolepis,,,,,,,630683,Muraenolepis orangiensis,,,,,,,,
PEPVEVVAPR,,630683,Muraenolepis orangiensis,species,2759,Eukaryota,,,33208,Metazoa,,,,,7711,Chordata,89593,Craniata,7898,Actinopterygii,186623,Actinopteri,41665,Neopterygii,,,8043,Gadiformes,1489846,Muraenolepidoidei,,,,,30760,Muraenolepididae,,,,,,,487676,Muraenolepis,,,,,,,630683,Muraenolepis orangiensis,,,,,,,,
PEPVEVVAPR,,630683,Muraenolepis orangiensis,species,2759,Eukaryota,,,33208,Metazoa,,,,,7711,Chordata,89593,Craniata,7898,Actinopterygii,186623,Actinopteri,41665,Neopterygii,,,8043,Gadiformes,1489846,Muraenolepidoidei,,,,,30760,Muraenolepididae,,,,,,,487676,Muraenolepis,,,,,,,630683,Muraenolepis orangiensis,,,,,,,,
PEPVEVVAPR,,630683,Muraenolepis orangiensis,species,2759,Eukaryota,,,33208,Metazoa,,,,,7711,Chordata,89593,Craniata,7898,Actinopterygii,186623,Actinopteri,41665,Neopterygii,,,8043,Gadiformes,1489846,Muraenolepidoidei,,,,,30760,Muraenolepididae,,,,,,,487676,Muraenolepis,,,,,,,630683,Muraenolepis orangiensis,,,,,,,,
PEPVEVVAPR,,630683,Muraenolepis orangiensis,species,2759,Eukaryota,,,33208,Metazoa,,,,,7711,Chordata,89593,Craniata,7898,Actinopterygii,186623,Actinopteri,41665,Neopterygii,,,8043,Gadiformes,1489846,Muraenolepidoidei,,,,,30760,Muraenolepididae,,,,,,,487676,Muraenolepis,,,,,,,630683,Muraenolepis orangiensis,,,,,,,,
PEPVEVVAPR,,630683,Muraenolepis orangiensis,species,2759,Eukaryota,,,33208,Metazoa,,,,,7711,Chordata,89593,Craniata,7898,Actinopterygii,186623,Actinopteri,41665,Neopterygii,,,8043,Gadiformes,1489846,Muraenolepidoidei,,,,,30760,Muraenolepididae,,,,,,,487676,Muraenolepis,,,,,,,630683,Muraenolepis orangiensis,,,,,,,,
PEPVEVVAPR,,630683,Muraenolepis orangiensis,species,2759,Eukaryota,,,33208,Metazoa,,,,,7711,Chordata,89593,Craniata,7898,Actinopterygii,186623,Actinopteri,41665,Neopterygii,,,8043,Gadiformes,1489846,Muraenolepidoidei,,,,,30760,Muraenolepididae,,,,,,,487676,Muraenolepis,,,,,,,630683,Muraenolepis orangiensis,,,,,,,,
PEPVEVVAPR,,630683,Muraenolepis orangiensis,species,2759,Eukaryota,,,33208,Metazoa,,,,,7711,Chordata,89593,Craniata,7898,Actinopterygii,186623,Actinopteri,41665,Neopterygii,,,8043,Gadiformes,1489846,Muraenolepidoidei,,,,,30760,Muraenolepididae,,,,,,,487676,Muraenolepis,,,,,,,630683,Muraenolepis orangiensis,,,,,,,,
PEPVEVVAPR,,630683,Muraenolepis orangiensis,species,2759,Eukaryota,,,33208,Metazoa,,,,,7711,Chordata,89593,Craniata,7898,Actinopterygii,186623,Actinopteri,41665,Neopterygii,,,8043,Gadiformes,1489846,Muraenolepidoidei,,,,,30760,Muraenolepididae,,,,,,,487676,Muraenolepis,,,,,,,630683,Muraenolepis orangiensis,,,,,,,,
SGQYVGGAEAR,,1883,Streptomyces,genus,2,Bacteria,,,1783272,Bacillati,,,,,201174,Actinomycetota,,,,,1760,Actinomycetes,,,,,85011,Kitasatosporales,,,,,,,2062,Streptomycetaceae,,,,,,,1883,Streptomyces,,,,,,,,,,,,,,,,
SGQYVGGAEAR,,1883,Streptomyces,genus,2,Bacteria,,,1783272,Bacillati,,,,,201174,Actinomycetota,,,,,1760,Actinomycetes,,,,,85011,Kitasatosporales,,,,,,,2062,Streptomycetaceae,,,,,,,1883,Streptomyces,,,,,,,,,,,,,,,,
SGQYVGGAEAR,,1883,Streptomyces,genus,2,Bacteria,,,1783272,Bacillati,,,,,201174,Actinomycetota,,,,,1760,Actinomycetes,,,,,85011,Kitasatosporales,,,,,,,2062,Streptomycetaceae,,,,,,,1883,Streptomyces,,,,,,,,,,,,,,,,
SGQYVGGAEAR,,1883,Streptomyces,genus,2,Bacteria,,,1783272,Bacillati,,,,,201174,Actinomycetota,,,,,1760,Actinomycetes,,,,,85011,Kitasatosporales,,,,,,,2062,Streptomycetaceae,,,,,,,1883,Streptomyces,,,,,,,,,,,,,,,,
PEPVEVVAPR,,630683,Muraenolepis orangiensis,species,2759,Eukaryota,,,33208,Metazoa,,,,,7711,Chordata,89593,Craniata,7898,Actinopterygii,186623,Actinopteri,41665,Neopterygii,,,8043,Gadiformes,1489846,Muraenolepidoidei,,,,,30760,Muraenolepididae,,,,,,,487676,Muraenolepis,,,,,,,630683,Muraenolepis orangiensis,,,,,,,,
AYDNATAAVAK,,286,Pseudomonas,genus,2,Bacteria,,,3379134,Pseudomonadati,,,,,1224,Pseudomonadota,,,,,1236,Gammaproteobacteria,,,,,72274,Pseudomonadales,,,,,,,135621,Pseudomonadaceae,,,,,,,286,Pseudomonas,,,,,,,,,,,,,,,,
AYDNATAAVAK,,286,Pseudomonas,genus,2,Bacteria,,,3379134,Pseudomonadati,,,,,1224,Pseudomonadota,,,,,1236,Gammaproteobacteria,,,,,72274,Pseudomonadales,,,,,,,135621,Pseudomonadaceae,,,,,,,286,Pseudomonas,,,,,,,,,,,,,,,,
TLLEAGLPGVK,,2740462,Mucilaginibacter mali,species,2,Bacteria,,,3379134,Pseudomonadati,,,,,976,Bacteroidota,,,,,117747,Sphingobacteriia,,,,,200666,Sphingobacteriales,,,,,,,84566,Sphingobacteriaceae,,,,,,,423349,Mucilaginibacter,,,,,,,2740462,Mucilaginibacter mali,,,,,,,,
LNAPVDEQGR,,1,root,no rank,,,,,,,,,,,,,,,,,,,,,,,,,,,,,,,,,,,,,,,,,,,,,,,,,,,,,,,,
TLAVDWAVVK,,1314669,Polychaeton citri CBS 116435,strain,2759,Eukaryota,,,4751,Fungi,451864,Dikarya,,,4890,Ascomycota,147538,Pezizomycotina,,,147541,Dothideomycetes,451867,Dothideomycetidae,,,134362,Capnodiales,,,,,,,62133,Capnodiaceae,,,,,,,705561,Polychaeton,,,,,,,705562,Polychaeton citri,,,1314669,Polychaeton citri CBS 116435,,,,
TLDLLNSGVK,,682526,Natronoflexus pectinivorans,species,2,Bacteria,,,3379134,Pseudomonadati,,,,,976,Bacteroidota,,,,,200643,Bacteroidia,,,,,1970189,Marinilabiliales,,,,,,,558415,Marinilabiliaceae,,,,,,,1434024,Natronoflexus,,,,,,,682526,Natronoflexus pectinivorans,,,,,,,,
TLGLTALHLK,,1,root,no rank,,,,,,,,,,,,,,,,,,,,,,,,,,,,,,,,,,,,,,,,,,,,,,,,,,,,,,,,
SGQYVGGAEAR,,1883,Streptomyces,genus,2,Bacteria,,,1783272,Bacillati,,,,,201174,Actinomycetota,,,,,1760,Actinomycetes,,,,,85011,Kitasatosporales,,,,,,,2062,Streptomycetaceae,,,,,,,1883,Streptomyces,,,,,,,,,,,,,,,,
LAGLLVELTGK,,1,root,no rank,,,,,,,,,,,,,,,,,,,,,,,,,,,,,,,,,,,,,,,,,,,,,,,,,,,,,,,,
GGGSYSGGGGGGSR,,2614655,Rudanella paleaurantiibacter,species,2,Bacteria,,,3379134,Pseudomonadati,,,,,976,Bacteroidota,,,,,768503,Cytophagia,,,,,768507,Cytophagales,,,,,,,89373,Cytophagaceae,,,,,,,451373,Rudanella,,,,,,,2614655,Rudanella paleaurantiibacter,,,,,,,,
LLLELGPDGR,,2,Bacteria,domain,2,Bacteria,,,,,,,,,,,,,,,,,,,,,,,,,,,,,,,,,,,,,,,,,,,,,,,,,,,,,,
ALTHNLALLR,,2202197,Candidatus Methylumidiphilus alinenensis,species,2,Bacteria,,,3379134,Pseudomonadati,,,,,1224,Pseudomonadota,,,,,1236,Gammaproteobacteria,,,,,135618,Methylococcales,,,,,,,,,,,,,,,2202177,Candidatus Methylumidiphilus,,,,,,,2202197,Candidatus Methylumidiphilus alinenensis,,,,,,,,
ALTHNLALLR,,2202197,Candidatus Methylumidiphilus alinenensis,species,2,Bacteria,,,3379134,Pseudomonadati,,,,,1224,Pseudomonadota,,,,,1236,Gammaproteobacteria,,,,,135618,Methylococcales,,,,,,,,,,,,,,,2202177,Candidatus Methylumidiphilus,,,,,,,2202197,Candidatus Methylumidiphilus alinenensis,,,,,,,,
ALTHNLALLR,,2202197,Candidatus Methylumidiphilus alinenensis,species,2,Bacteria,,,3379134,Pseudomonadati,,,,,1224,Pseudomonadota,,,,,1236,Gammaproteobacteria,,,,,135618,Methylococcales,,,,,,,,,,,,,,,2202177,Candidatus Methylumidiphilus,,,,,,,2202197,Candidatus Methylumidiphilus alinenensis,,,,,,,,
ALTHNLALLR,,2202197,Candidatus Methylumidiphilus alinenensis,species,2,Bacteria,,,3379134,Pseudomonadati,,,,,1224,Pseudomonadota,,,,,1236,Gammaproteobacteria,,,,,135618,Methylococcales,,,,,,,,,,,,,,,2202177,Candidatus Methylumidiphilus,,,,,,,2202197,Candidatus Methylumidiphilus alinenensis,,,,,,,,
APMLDDLVSR,,379,Rhizobium,genus,2,Bacteria,,,3379134,Pseudomonadati,,,,,1224,Pseudomonadota,,,,,28211,Alphaproteobacteria,,,,,356,Hyphomicrobiales,,,,,,,82115,Rhizobiaceae,,,,,,,379,Rhizobium,,,,,,,,,,,,,,,,
VLSQSALPYR,,591936,Piliocolobus tephrosceles,species,2759,Eukaryota,,,33208,Metazoa,,,,,7711,Chordata,89593,Craniata,8287,Sarcopterygii,40674,Mammalia,,,314146,Euarchontoglires,9443,Primates,376913,Haplorrhini,314293,Simiiformes,314294,Cercopithecoidea,9527,Cercopithecidae,9569,Colobinae,,,,,591932,Piliocolobus,,,,,,,591936,Piliocolobus tephrosceles,,,,,,,,
ALTHNLALLR,,2202197,Candidatus Methylumidiphilus alinenensis,species,2,Bacteria,,,3379134,Pseudomonadati,,,,,1224,Pseudomonadota,,,,,1236,Gammaproteobacteria,,,,,135618,Methylococcales,,,,,,,,,,,,,,,2202177,Candidatus Methylumidiphilus,,,,,,,2202197,Candidatus Methylumidiphilus alinenensis,,,,,,,,
ALTHNLALLR,,2202197,Candidatus Methylumidiphilus alinenensis,species,2,Bacteria,,,3379134,Pseudomonadati,,,,,1224,Pseudomonadota,,,,,1236,Gammaproteobacteria,,,,,135618,Methylococcales,,,,,,,,,,,,,,,2202177,Candidatus Methylumidiphilus,,,,,,,2202197,Candidatus Methylumidiphilus alinenensis,,,,,,,,
VVDLLVGTPGR,,718191,Litoribacillus peritrichatus,species,2,Bacteria,,,3379134,Pseudomonadati,,,,,1224,Pseudomonadota,,,,,1236,Gammaproteobacteria,,,,,135619,Oceanospirillales,,,,,,,135620,Oceanospirillaceae,,,,,,,1264044,Litoribacillus,,,,,,,718191,Litoribacillus peritrichatus,,,,,,,,
TQLLDVLAEK,,1236,Gammaproteobacteria,class,2,Bacteria,,,3379134,Pseudomonadati,,,,,1224,Pseudomonadota,,,,,1236,Gammaproteobacteria,,,,,,,,,,,,,,,,,,,,,,,,,,,,,,,,,,,,,,
AGAEGELQALR,,8509,Squamata,order,2759,Eukaryota,,,33208,Metazoa,,,,,7711,Chordata,89593,Craniata,8287,Sarcopterygii,8504,Lepidosauria,,,,,8509,Squamata,,,,,,,,,,,,,,,,,,,,,,,,,,,,,,,,
TQLLDVLAEK,,1236,Gammaproteobacteria,class,2,Bacteria,,,3379134,Pseudomonadati,,,,,1224,Pseudomonadota,,,,,1236,Gammaproteobacteria,,,,,,,,,,,,,,,,,,,,,,,,,,,,,,,,,,,,,,
AGAEGELQALR,,8509,Squamata,order,2759,Eukaryota,,,33208,Metazoa,,,,,7711,Chordata,89593,Craniata,8287,Sarcopterygii,8504,Lepidosauria,,,,,8509,Squamata,,,,,,,,,,,,,,,,,,,,,,,,,,,,,,,,
LLPGFLQTAK,,1515666,Pseudomonas matsuisoli,species,2,Bacteria,,,3379134,Pseudomonadati,,,,,1224,Pseudomonadota,,,,,1236,Gammaproteobacteria,,,,,72274,Pseudomonadales,,,,,,,135621,Pseudomonadaceae,,,,,,,286,Pseudomonas,,,,,,,1515666,Pseudomonas matsuisoli,,,,,,,,
TALGWTVAWK,,1883,Streptomyces,genus,2,Bacteria,,,1783272,Bacillati,,,,,201174,Actinomycetota,,,,,1760,Actinomycetes,,,,,85011,Kitasatosporales,,,,,,,2062,Streptomycetaceae,,,,,,,1883,Streptomyces,,,,,,,,,,,,,,,,
VTLLDLSNMK,,1379858,Mucispirillum schaedleri ASF457,strain,2,Bacteria,,,3379134,Pseudomonadati,,,,,200930,Deferribacterota,,,,,68337,Deferribacteres,,,,,191393,Deferribacterales,,,,,,,2945020,Mucispirillaceae,,,,,,,248038,Mucispirillum,,,,,,,248039,Mucispirillum schaedleri,,,1379858,Mucispirillum schaedleri ASF457,,,,
ASALVELYVK,,99658,Xanthoceras sorbifolium,species,2759,Eukaryota,,,33090,Viridiplantae,,,,,35493,Streptophyta,131221,Streptophytina,,,3398,Magnoliopsida,,,,,41937,Sapindales,,,,,,,23672,Sapindaceae,1977915,Xanthoceroideae,,,,,99657,Xanthoceras,,,,,,,99658,Xanthoceras sorbifolium,,,,,,,,
AYDNATAAVAK,,286,Pseudomonas,genus,2,Bacteria,,,3379134,Pseudomonadati,,,,,1224,Pseudomonadota,,,,,1236,Gammaproteobacteria,,,,,72274,Pseudomonadales,,,,,,,135621,Pseudomonadaceae,,,,,,,286,Pseudomonas,,,,,,,,,,,,,,,,
WGTVLLSGPR,,29139,Vombatus ursinus,species,2759,Eukaryota,,,33208,Metazoa,,,,,7711,Chordata,89593,Craniata,8287,Sarcopterygii,40674,Mammalia,,,,,38609,Diprotodontia,,,,,,,9338,Vombatidae,,,,,,,29138,Vombatus,,,,,,,29139,Vombatus ursinus,,,,,,,,
WGTVLLSGPR,,29139,Vombatus ursinus,species,2759,Eukaryota,,,33208,Metazoa,,,,,7711,Chordata,89593,Craniata,8287,Sarcopterygii,40674,Mammalia,,,,,38609,Diprotodontia,,,,,,,9338,Vombatidae,,,,,,,29138,Vombatus,,,,,,,29139,Vombatus ursinus,,,,,,,,
WGTVLLSGPR,,29139,Vombatus ursinus,species,2759,Eukaryota,,,33208,Metazoa,,,,,7711,Chordata,89593,Craniata,8287,Sarcopterygii,40674,Mammalia,,,,,38609,Diprotodontia,,,,,,,9338,Vombatidae,,,,,,,29138,Vombatus,,,,,,,29139,Vombatus ursinus,,,,,,,,
WGTVLLSGPR,,29139,Vombatus ursinus,species,2759,Eukaryota,,,33208,Metazoa,,,,,7711,Chordata,89593,Craniata,8287,Sarcopterygii,40674,Mammalia,,,,,38609,Diprotodontia,,,,,,,9338,Vombatidae,,,,,,,29138,Vombatus,,,,,,,29139,Vombatus ursinus,,,,,,,,
LSLPVLLEGR,,83681,Nonomuraea,genus,2,Bacteria,,,1783272,Bacillati,,,,,201174,Actinomycetota,,,,,1760,Actinomycetes,,,,,85012,Streptosporangiales,,,,,,,2004,Streptosporangiaceae,,,,,,,83681,Nonomuraea,,,,,,,,,,,,,,,,
QQLPDDATLR,,2,Bacteria,domain,2,Bacteria,,,,,,,,,,,,,,,,,,,,,,,,,,,,,,,,,,,,,,,,,,,,,,,,,,,,,,
LSLPVLLEGR,,83681,Nonomuraea,genus,2,Bacteria,,,1783272,Bacillati,,,,,201174,Actinomycetota,,,,,1760,Actinomycetes,,,,,85012,Streptosporangiales,,,,,,,2004,Streptosporangiaceae,,,,,,,83681,Nonomuraea,,,,,,,,,,,,,,,,
LLAVSELSPR,,1816183,Haloplanus rallus,species,2157,Archaea,,,3366610,Methanobacteriati,,,,,28890,Methanobacteriota,,,,,183963,Halobacteria,,,,,2235,Halobacteriales,,,,,,,1644056,Haloferacaceae,,,,,,,376170,Haloplanus,,,,,,,1816183,Haloplanus rallus,,,,,,,,
TADPLLLSLR,,2759,Eukaryota,domain,2759,Eukaryota,,,,,,,,,,,,,,,,,,,,,,,,,,,,,,,,,,,,,,,,,,,,,,,,,,,,,,
TADPLLLSLR,,2759,Eukaryota,domain,2759,Eukaryota,,,,,,,,,,,,,,,,,,,,,,,,,,,,,,,,,,,,,,,,,,,,,,,,,,,,,,
FSGVYSQLSR,,1236,Gammaproteobacteria,class,2,Bacteria,,,3379134,Pseudomonadati,,,,,1224,Pseudomonadota,,,,,1236,Gammaproteobacteria,,,,,,,,,,,,,,,,,,,,,,,,,,,,,,,,,,,,,,
FSGVYSQLSR,,1236,Gammaproteobacteria,class,2,Bacteria,,,3379134,Pseudomonadati,,,,,1224,Pseudomonadota,,,,,1236,Gammaproteobacteria,,,,,,,,,,,,,,,,,,,,,,,,,,,,,,,,,,,,,,
FSGVYSQLSR,,1236,Gammaproteobacteria,class,2,Bacteria,,,3379134,Pseudomonadati,,,,,1224,Pseudomonadota,,,,,1236,Gammaproteobacteria,,,,,,,,,,,,,,,,,,,,,,,,,,,,,,,,,,,,,,
TALNLETVLK,,94328,Zingiber officinale,species,2759,Eukaryota,,,33090,Viridiplantae,,,,,35493,Streptophyta,131221,Streptophytina,,,3398,Magnoliopsida,1437197,Petrosaviidae,,,4618,Zingiberales,,,,,,,4642,Zingiberaceae,,,,,,,4650,Zingiber,,,,,,,94328,Zingiber officinale,,,,,,,,
TADPLLLSLR,,2759,Eukaryota,domain,2759,Eukaryota,,,,,,,,,,,,,,,,,,,,,,,,,,,,,,,,,,,,,,,,,,,,,,,,,,,,,,
GPGAPGLAHLQK,,9606,Homo sapiens,species,2759,Eukaryota,,,33208,Metazoa,,,,,7711,Chordata,89593,Craniata,8287,Sarcopterygii,40674,Mammalia,,,314146,Euarchontoglires,9443,Primates,376913,Haplorrhini,314293,Simiiformes,314295,Hominoidea,9604,Hominidae,207598,Homininae,,,,,9605,Homo,,,,,,,9606,Homo sapiens,,,,,,,,
KLGGEDFDNR,,1,root,no rank,,,,,,,,,,,,,,,,,,,,,,,,,,,,,,,,,,,,,,,,,,,,,,,,,,,,,,,,
TAQEFAADVR,,7496,Pterygota,subclass,2759,Eukaryota,,,33208,Metazoa,,,,,6656,Arthropoda,6960,Hexapoda,,,50557,Insecta,7496,Pterygota,,,,,,,,,,,,,,,,,,,,,,,,,,,,,,,,,,,,
TAQEFAADVR,,7496,Pterygota,subclass,2759,Eukaryota,,,33208,Metazoa,,,,,6656,Arthropoda,6960,Hexapoda,,,50557,Insecta,7496,Pterygota,,,,,,,,,,,,,,,,,,,,,,,,,,,,,,,,,,,,
FFSQPLLLGK,,1,root,no rank,,,,,,,,,,,,,,,,,,,,,,,,,,,,,,,,,,,,,,,,,,,,,,,,,,,,,,,,
FFSQPLLLGK,,1,root,no rank,,,,,,,,,,,,,,,,,,,,,,,,,,,,,,,,,,,,,,,,,,,,,,,,,,,,,,,,
LMGLLDYPGR,,1224,Pseudomonadota,phylum,2,Bacteria,,,3379134,Pseudomonadati,,,,,1224,Pseudomonadota,,,,,,,,,,,,,,,,,,,,,,,,,,,,,,,,,,,,,,,,,,,,
ALVDTLEFDK,,356,Hyphomicrobiales,order,2,Bacteria,,,3379134,Pseudomonadati,,,,,1224,Pseudomonadota,,,,,28211,Alphaproteobacteria,,,,,356,Hyphomicrobiales,,,,,,,,,,,,,,,,,,,,,,,,,,,,,,,,
LMGLLDYPGR,,1224,Pseudomonadota,phylum,2,Bacteria,,,3379134,Pseudomonadati,,,,,1224,Pseudomonadota,,,,,,,,,,,,,,,,,,,,,,,,,,,,,,,,,,,,,,,,,,,,
VLEPVLLLGR,,41462,[Myrmecia] bisecta,species,2759,Eukaryota,,,33090,Viridiplantae,,,,,3041,Chlorophyta,,,,,75966,Trebouxiophyceae,,,,,2507901,Trebouxiales,,,,,,,2507902,Trebouxiaceae,,,,,,,114064,Myrmecia,,,,,,,41462,[Myrmecia] bisecta,,,,,,,,
VMGFLGGTSDR,,1,root,no rank,,,,,,,,,,,,,,,,,,,,,,,,,,,,,,,,,,,,,,,,,,,,,,,,,,,,,,,,
REELQAALAR,,1,root,no rank,,,,,,,,,,,,,,,,,,,,,,,,,,,,,,,,,,,,,,,,,,,,,,,,,,,,,,,,
TLLVATDVAGR,,2759,Eukaryota,domain,2759,Eukaryota,,,,,,,,,,,,,,,,,,,,,,,,,,,,,,,,,,,,,,,,,,,,,,,,,,,,,,
TLLVATDVAGR,,2759,Eukaryota,domain,2759,Eukaryota,,,,,,,,,,,,,,,,,,,,,,,,,,,,,,,,,,,,,,,,,,,,,,,,,,,,,,
DGQLQFVLLK,,1,root,no rank,,,,,,,,,,,,,,,,,,,,,,,,,,,,,,,,,,,,,,,,,,,,,,,,,,,,,,,,
TLLVATDVAGR,,2759,Eukaryota,domain,2759,Eukaryota,,,,,,,,,,,,,,,,,,,,,,,,,,,,,,,,,,,,,,,,,,,,,,,,,,,,,,
REELQAALAR,,1,root,no rank,,,,,,,,,,,,,,,,,,,,,,,,,,,,,,,,,,,,,,,,,,,,,,,,,,,,,,,,
REELQAALAR,,1,root,no rank,,,,,,,,,,,,,,,,,,,,,,,,,,,,,,,,,,,,,,,,,,,,,,,,,,,,,,,,
REELQAALAR,,1,root,no rank,,,,,,,,,,,,,,,,,,,,,,,,,,,,,,,,,,,,,,,,,,,,,,,,,,,,,,,,
KVSDLLSVLR,,2862362,Favolaschia claudopus,species,2759,Eukaryota,,,4751,Fungi,451864,Dikarya,,,5204,Basidiomycota,5302,Agaricomycotina,,,155619,Agaricomycetes,452333,Agaricomycetidae,,,5338,Agaricales,2982316,Marasmiineae,,,,,2024004,Mycenaceae,,,,,,,139071,Favolaschia,,,,,,,2862362,Favolaschia claudopus,,,,,,,,
LDFVLSLSVK,,1932778,Mucilaginibacter limnophilus,species,2,Bacteria,,,3379134,Pseudomonadati,,,,,976,Bacteroidota,,,,,117747,Sphingobacteriia,,,,,200666,Sphingobacteriales,,,,,,,84566,Sphingobacteriaceae,,,,,,,423349,Mucilaginibacter,,,,,,,1932778,Mucilaginibacter limnophilus,,,,,,,,
LDFVLSLSVK,,1932778,Mucilaginibacter limnophilus,species,2,Bacteria,,,3379134,Pseudomonadati,,,,,976,Bacteroidota,,,,,117747,Sphingobacteriia,,,,,200666,Sphingobacteriales,,,,,,,84566,Sphingobacteriaceae,,,,,,,423349,Mucilaginibacter,,,,,,,1932778,Mucilaginibacter limnophilus,,,,,,,,
TSGTTEANAWK,,1883,Streptomyces,genus,2,Bacteria,,,1783272,Bacillati,,,,,201174,Actinomycetota,,,,,1760,Actinomycetes,,,,,85011,Kitasatosporales,,,,,,,2062,Streptomycetaceae,,,,,,,1883,Streptomyces,,,,,,,,,,,,,,,,
PGTPLQVGVGLK,,286,Pseudomonas,genus,2,Bacteria,,,3379134,Pseudomonadati,,,,,1224,Pseudomonadota,,,,,1236,Gammaproteobacteria,,,,,72274,Pseudomonadales,,,,,,,135621,Pseudomonadaceae,,,,,,,286,Pseudomonas,,,,,,,,,,,,,,,,
TVAGDGSYQLR,,286,Pseudomonas,genus,2,Bacteria,,,3379134,Pseudomonadati,,,,,1224,Pseudomonadota,,,,,1236,Gammaproteobacteria,,,,,72274,Pseudomonadales,,,,,,,135621,Pseudomonadaceae,,,,,,,286,Pseudomonas,,,,,,,,,,,,,,,,
PVAEVLDLRR,,2,Bacteria,domain,2,Bacteria,,,,,,,,,,,,,,,,,,,,,,,,,,,,,,,,,,,,,,,,,,,,,,,,,,,,,,
SLGHDLHHPR,,286,Pseudomonas,genus,2,Bacteria,,,3379134,Pseudomonadati,,,,,1224,Pseudomonadota,,,,,1236,Gammaproteobacteria,,,,,72274,Pseudomonadales,,,,,,,135621,Pseudomonadaceae,,,,,,,286,Pseudomonas,,,,,,,,,,,,,,,,
VTQALVLAPTR,,1,root,no rank,,,,,,,,,,,,,,,,,,,,,,,,,,,,,,,,,,,,,,,,,,,,,,,,,,,,,,,,
VLELLSNVLK,,7137,Galleria mellonella,species,2759,Eukaryota,,,33208,Metazoa,,,,,6656,Arthropoda,6960,Hexapoda,,,50557,Insecta,7496,Pterygota,85604,Amphiesmenoptera,7088,Lepidoptera,41191,Glossata,41196,Neolepidoptera,37573,Pyraloidea,7135,Pyralidae,40082,Galleriinae,,,,,7136,Galleria,,,,,,,7137,Galleria mellonella,,,,,,,,
NTNLTGVLVNK,,91347,Enterobacterales,order,2,Bacteria,,,3379134,Pseudomonadati,,,,,1224,Pseudomonadota,,,,,1236,Gammaproteobacteria,,,,,91347,Enterobacterales,,,,,,,,,,,,,,,,,,,,,,,,,,,,,,,,
TSFQPLSLSR,,1538716,Pristionchus fissidentatus,species,2759,Eukaryota,,,33208,Metazoa,,,,,6231,Nematoda,,,,,119089,Chromadorea,,,,,6236,Rhabditida,2301116,Rhabditina,50827,Diplogasteromorpha,2301094,Diplogasteroidea,54124,Neodiplogasteridae,,,,,,,54125,Pristionchus,,,,,,,1538716,Pristionchus fissidentatus,,,,,,,,
RQLEEEAAAR,,2759,Eukaryota,domain,2759,Eukaryota,,,,,,,,,,,,,,,,,,,,,,,,,,,,,,,,,,,,,,,,,,,,,,,,,,,,,,
RQLEEEAAAR,,2759,Eukaryota,domain,2759,Eukaryota,,,,,,,,,,,,,,,,,,,,,,,,,,,,,,,,,,,,,,,,,,,,,,,,,,,,,,
QVPLPPPPPPR,,2759,Eukaryota,domain,2759,Eukaryota,,,,,,,,,,,,,,,,,,,,,,,,,,,,,,,,,,,,,,,,,,,,,,,,,,,,,,
TLFEPGEMVR,,1,root,no rank,,,,,,,,,,,,,,,,,,,,,,,,,,,,,,,,,,,,,,,,,,,,,,,,,,,,,,,,
PLRLELQGPR,,885580,Fukomys damarensis,species,2759,Eukaryota,,,33208,Metazoa,,,,,7711,Chordata,89593,Craniata,8287,Sarcopterygii,40674,Mammalia,,,314146,Euarchontoglires,9989,Rodentia,33550,Hystricomorpha,,,,,10167,Bathyergidae,,,,,,,423606,Fukomys,,,,,,,885580,Fukomys damarensis,,,,,,,,
PLRLELQGPR,,885580,Fukomys damarensis,species,2759,Eukaryota,,,33208,Metazoa,,,,,7711,Chordata,89593,Craniata,8287,Sarcopterygii,40674,Mammalia,,,314146,Euarchontoglires,9989,Rodentia,33550,Hystricomorpha,,,,,10167,Bathyergidae,,,,,,,423606,Fukomys,,,,,,,885580,Fukomys damarensis,,,,,,,,
VLRLELQGPR,,314293,Simiiformes,infraorder,2759,Eukaryota,,,33208,Metazoa,,,,,7711,Chordata,89593,Craniata,8287,Sarcopterygii,40674,Mammalia,,,314146,Euarchontoglires,9443,Primates,376913,Haplorrhini,314293,Simiiformes,,,,,,,,,,,,,,,,,,,,,,,,,,,,
VLRLELQGPR,,314293,Simiiformes,infraorder,2759,Eukaryota,,,33208,Metazoa,,,,,7711,Chordata,89593,Craniata,8287,Sarcopterygii,40674,Mammalia,,,314146,Euarchontoglires,9443,Primates,376913,Haplorrhini,314293,Simiiformes,,,,,,,,,,,,,,,,,,,,,,,,,,,,
VLRLELQGPR,,314293,Simiiformes,infraorder,2759,Eukaryota,,,33208,Metazoa,,,,,7711,Chordata,89593,Craniata,8287,Sarcopterygii,40674,Mammalia,,,314146,Euarchontoglires,9443,Primates,376913,Haplorrhini,314293,Simiiformes,,,,,,,,,,,,,,,,,,,,,,,,,,,,
VPQVLVLAPTR,,1236,Gammaproteobacteria,class,2,Bacteria,,,3379134,Pseudomonadati,,,,,1224,Pseudomonadota,,,,,1236,Gammaproteobacteria,,,,,,,,,,,,,,,,,,,,,,,,,,,,,,,,,,,,,,
VEAESLYQTK,,8355,Xenopus laevis,species,2759,Eukaryota,,,33208,Metazoa,,,,,7711,Chordata,89593,Craniata,8287,Sarcopterygii,8292,Amphibia,,,41666,Batrachia,8342,Anura,,,,,30319,Pipoidea,8352,Pipidae,8360,Xenopodinae,,,,,8353,Xenopus,262014,Xenopus,,,,,8355,Xenopus laevis,,,,,,,,
YESAVGNAESR,,1883,Streptomyces,genus,2,Bacteria,,,1783272,Bacillati,,,,,201174,Actinomycetota,,,,,1760,Actinomycetes,,,,,85011,Kitasatosporales,,,,,,,2062,Streptomycetaceae,,,,,,,1883,Streptomyces,,,,,,,,,,,,,,,,
EVQELSPNLR,,1236,Gammaproteobacteria,class,2,Bacteria,,,3379134,Pseudomonadati,,,,,1224,Pseudomonadota,,,,,1236,Gammaproteobacteria,,,,,,,,,,,,,,,,,,,,,,,,,,,,,,,,,,,,,,
LQLSSEQVSR,,499202,Lichtheimiaceae,family,2759,Eukaryota,,,4751,Fungi,,,,,1913637,Mucoromycota,451507,Mucoromycotina,,,2212703,Mucoromycetes,,,,,4827,Mucorales,,,,,,,499202,Lichtheimiaceae,,,,,,,,,,,,,,,,,,,,,,,,
VPQVLVLAPTR,,1236,Gammaproteobacteria,class,2,Bacteria,,,3379134,Pseudomonadati,,,,,1224,Pseudomonadota,,,,,1236,Gammaproteobacteria,,,,,,,,,,,,,,,,,,,,,,,,,,,,,,,,,,,,,,
TYDGHTALTR,,286,Pseudomonas,genus,2,Bacteria,,,3379134,Pseudomonadati,,,,,1224,Pseudomonadota,,,,,1236,Gammaproteobacteria,,,,,72274,Pseudomonadales,,,,,,,135621,Pseudomonadaceae,,,,,,,286,Pseudomonas,,,,,,,,,,,,,,,,
VLVLDTDYKK,,35500,Pecora,infraorder,2759,Eukaryota,,,33208,Metazoa,,,,,7711,Chordata,89593,Craniata,8287,Sarcopterygii,40674,Mammalia,,,314145,Laurasiatheria,91561,Artiodactyla,9845,Ruminantia,35500,Pecora,,,,,,,,,,,,,,,,,,,,,,,,,,,,
QGVDLLVGTPGR,,1,root,no rank,,,,,,,,,,,,,,,,,,,,,,,,,,,,,,,,,,,,,,,,,,,,,,,,,,,,,,,,
VPQVLVLAPTR,,1236,Gammaproteobacteria,class,2,Bacteria,,,3379134,Pseudomonadati,,,,,1224,Pseudomonadota,,,,,1236,Gammaproteobacteria,,,,,,,,,,,,,,,,,,,,,,,,,,,,,,,,,,,,,,
RGPPPPPAPGGR,,147429,Andropogoneae,tribe,2759,Eukaryota,,,33090,Viridiplantae,,,,,35493,Streptophyta,131221,Streptophytina,,,3398,Magnoliopsida,1437197,Petrosaviidae,,,38820,Poales,,,,,,,4479,Poaceae,147369,Panicoideae,147429,Andropogoneae,,,,,,,,,,,,,,,,,,,,
VVAQALEVLPR,,187106,Caloenas nicobarica,species,2759,Eukaryota,,,33208,Metazoa,,,,,7711,Chordata,89593,Craniata,8287,Sarcopterygii,8782,Aves,,,,,8929,Columbiformes,,,,,,,8930,Columbidae,,,,,,,187105,Caloenas,,,,,,,187106,Caloenas nicobarica,,,,,,,,
VDWPSAVVEGGS,,286,Pseudomonas,genus,2,Bacteria,,,3379134,Pseudomonadati,,,,,1224,Pseudomonadota,,,,,1236,Gammaproteobacteria,,,,,72274,Pseudomonadales,,,,,,,135621,Pseudomonadaceae,,,,,,,286,Pseudomonas,,,,,,,,,,,,,,,,
STLVGHDTFTK,,1883,Streptomyces,genus,2,Bacteria,,,1783272,Bacillati,,,,,201174,Actinomycetota,,,,,1760,Actinomycetes,,,,,85011,Kitasatosporales,,,,,,,2062,Streptomycetaceae,,,,,,,1883,Streptomyces,,,,,,,,,,,,,,,,
STLVGHDTFTK,,1883,Streptomyces,genus,2,Bacteria,,,1783272,Bacillati,,,,,201174,Actinomycetota,,,,,1760,Actinomycetes,,,,,85011,Kitasatosporales,,,,,,,2062,Streptomycetaceae,,,,,,,1883,Streptomyces,,,,,,,,,,,,,,,,
STLVGHDTFTK,,1883,Streptomyces,genus,2,Bacteria,,,1783272,Bacillati,,,,,201174,Actinomycetota,,,,,1760,Actinomycetes,,,,,85011,Kitasatosporales,,,,,,,2062,Streptomycetaceae,,,,,,,1883,Streptomyces,,,,,,,,,,,,,,,,
VMETEVLETR,,10141,Cavia porcellus,species,2759,Eukaryota,,,33208,Metazoa,,,,,7711,Chordata,89593,Craniata,8287,Sarcopterygii,40674,Mammalia,,,314146,Euarchontoglires,9989,Rodentia,33550,Hystricomorpha,,,,,10139,Caviidae,,,,,,,10140,Cavia,,,,,,,10141,Cavia porcellus,,,,,,,,
STLVGHDTFTK,,1883,Streptomyces,genus,2,Bacteria,,,1783272,Bacillati,,,,,201174,Actinomycetota,,,,,1760,Actinomycetes,,,,,85011,Kitasatosporales,,,,,,,2062,Streptomycetaceae,,,,,,,1883,Streptomyces,,,,,,,,,,,,,,,,
VMETEVLETR,,10141,Cavia porcellus,species,2759,Eukaryota,,,33208,Metazoa,,,,,7711,Chordata,89593,Craniata,8287,Sarcopterygii,40674,Mammalia,,,314146,Euarchontoglires,9989,Rodentia,33550,Hystricomorpha,,,,,10139,Caviidae,,,,,,,10140,Cavia,,,,,,,10141,Cavia porcellus,,,,,,,,
VMETEVLETR,,10141,Cavia porcellus,species,2759,Eukaryota,,,33208,Metazoa,,,,,7711,Chordata,89593,Craniata,8287,Sarcopterygii,40674,Mammalia,,,314146,Euarchontoglires,9989,Rodentia,33550,Hystricomorpha,,,,,10139,Caviidae,,,,,,,10140,Cavia,,,,,,,10141,Cavia porcellus,,,,,,,,
QLPLPPPPPPR,,3042314,Sphingomonas oryzagri,species,2,Bacteria,,,3379134,Pseudomonadati,,,,,1224,Pseudomonadota,,,,,28211,Alphaproteobacteria,,,,,204457,Sphingomonadales,,,,,,,41297,Sphingomonadaceae,,,,,,,13687,Sphingomonas,,,,,,,3042314,Sphingomonas oryzagri,,,,,,,,
VVNNSNYGWR,,89593,Craniata,subphylum,2759,Eukaryota,,,33208,Metazoa,,,,,7711,Chordata,89593,Craniata,,,,,,,,,,,,,,,,,,,,,,,,,,,,,,,,,,,,,,,,,,
VVNNSNYGWR,,89593,Craniata,subphylum,2759,Eukaryota,,,33208,Metazoa,,,,,7711,Chordata,89593,Craniata,,,,,,,,,,,,,,,,,,,,,,,,,,,,,,,,,,,,,,,,,,
QLPLPPPPPPR,,3042314,Sphingomonas oryzagri,species,2,Bacteria,,,3379134,Pseudomonadati,,,,,1224,Pseudomonadota,,,,,28211,Alphaproteobacteria,,,,,204457,Sphingomonadales,,,,,,,41297,Sphingomonadaceae,,,,,,,13687,Sphingomonas,,,,,,,3042314,Sphingomonas oryzagri,,,,,,,,
VVNNSNYGWR,,89593,Craniata,subphylum,2759,Eukaryota,,,33208,Metazoa,,,,,7711,Chordata,89593,Craniata,,,,,,,,,,,,,,,,,,,,,,,,,,,,,,,,,,,,,,,,,,
VVNNSNYGWR,,89593,Craniata,subphylum,2759,Eukaryota,,,33208,Metazoa,,,,,7711,Chordata,89593,Craniata,,,,,,,,,,,,,,,,,,,,,,,,,,,,,,,,,,,,,,,,,,
VVNNSNYGWR,,89593,Craniata,subphylum,2759,Eukaryota,,,33208,Metazoa,,,,,7711,Chordata,89593,Craniata,,,,,,,,,,,,,,,,,,,,,,,,,,,,,,,,,,,,,,,,,,
ENLEALLVALK,,1,root,no rank,,,,,,,,,,,,,,,,,,,,,,,,,,,,,,,,,,,,,,,,,,,,,,,,,,,,,,,,
ATAAAAAAAAAAAVK,,451864,Dikarya,subkingdom,2759,Eukaryota,,,4751,Fungi,451864,Dikarya,,,,,,,,,,,,,,,,,,,,,,,,,,,,,,,,,,,,,,,,,,,,,,,,
TGVLEEQLER,,88456,Cyclospora cayetanensis,species,2759,Eukaryota,,,,,,,,,5794,Apicomplexa,,,,,1280412,Conoidasida,5796,Coccidia,,,75739,Eucoccidiorida,423054,Eimeriorina,,,,,5799,Eimeriidae,,,,,,,44417,Cyclospora,,,,,,,88456,Cyclospora cayetanensis,,,,,,,,
TGVLEEQLER,,88456,Cyclospora cayetanensis,species,2759,Eukaryota,,,,,,,,,5794,Apicomplexa,,,,,1280412,Conoidasida,5796,Coccidia,,,75739,Eucoccidiorida,423054,Eimeriorina,,,,,5799,Eimeriidae,,,,,,,44417,Cyclospora,,,,,,,88456,Cyclospora cayetanensis,,,,,,,,
TGVLEEQLER,,88456,Cyclospora cayetanensis,species,2759,Eukaryota,,,,,,,,,5794,Apicomplexa,,,,,1280412,Conoidasida,5796,Coccidia,,,75739,Eucoccidiorida,423054,Eimeriorina,,,,,5799,Eimeriidae,,,,,,,44417,Cyclospora,,,,,,,88456,Cyclospora cayetanensis,,,,,,,,
TGTLLNNGNSPK,,1236,Gammaproteobacteria,class,2,Bacteria,,,3379134,Pseudomonadati,,,,,1224,Pseudomonadota,,,,,1236,Gammaproteobacteria,,,,,,,,,,,,,,,,,,,,,,,,,,,,,,,,,,,,,,
TGVLEEQLER,,88456,Cyclospora cayetanensis,species,2759,Eukaryota,,,,,,,,,5794,Apicomplexa,,,,,1280412,Conoidasida,5796,Coccidia,,,75739,Eucoccidiorida,423054,Eimeriorina,,,,,5799,Eimeriidae,,,,,,,44417,Cyclospora,,,,,,,88456,Cyclospora cayetanensis,,,,,,,,
TGVLEEQLER,,88456,Cyclospora cayetanensis,species,2759,Eukaryota,,,,,,,,,5794,Apicomplexa,,,,,1280412,Conoidasida,5796,Coccidia,,,75739,Eucoccidiorida,423054,Eimeriorina,,,,,5799,Eimeriidae,,,,,,,44417,Cyclospora,,,,,,,88456,Cyclospora cayetanensis,,,,,,,,
KTSPLEEEER,,314293,Simiiformes,infraorder,2759,Eukaryota,,,33208,Metazoa,,,,,7711,Chordata,89593,Craniata,8287,Sarcopterygii,40674,Mammalia,,,314146,Euarchontoglires,9443,Primates,376913,Haplorrhini,314293,Simiiformes,,,,,,,,,,,,,,,,,,,,,,,,,,,,
KTSPLEEEER,,314293,Simiiformes,infraorder,2759,Eukaryota,,,33208,Metazoa,,,,,7711,Chordata,89593,Craniata,8287,Sarcopterygii,40674,Mammalia,,,314146,Euarchontoglires,9443,Primates,376913,Haplorrhini,314293,Simiiformes,,,,,,,,,,,,,,,,,,,,,,,,,,,,
VFLVDLAGSEK,,74975,Araneoidea,superfamily,2759,Eukaryota,,,33208,Metazoa,,,,,6656,Arthropoda,6843,Chelicerata,,,6854,Arachnida,,,,,6893,Araneae,6905,Araneomorphae,,,74975,Araneoidea,,,,,,,,,,,,,,,,,,,,,,,,,,
KTSPLEEEER,,314293,Simiiformes,infraorder,2759,Eukaryota,,,33208,Metazoa,,,,,7711,Chordata,89593,Craniata,8287,Sarcopterygii,40674,Mammalia,,,314146,Euarchontoglires,9443,Primates,376913,Haplorrhini,314293,Simiiformes,,,,,,,,,,,,,,,,,,,,,,,,,,,,
PLPLPPPPPPR,,1,root,no rank,,,,,,,,,,,,,,,,,,,,,,,,,,,,,,,,,,,,,,,,,,,,,,,,,,,,,,,,
LEFNGQDLQR,,543,Enterobacteriaceae,family,2,Bacteria,,,3379134,Pseudomonadati,,,,,1224,Pseudomonadota,,,,,1236,Gammaproteobacteria,,,,,91347,Enterobacterales,,,,,,,543,Enterobacteriaceae,,,,,,,,,,,,,,,,,,,,,,,,
PLPLPPPPPPR,,1,root,no rank,,,,,,,,,,,,,,,,,,,,,,,,,,,,,,,,,,,,,,,,,,,,,,,,,,,,,,,,
PLPLPPPPPPR,,1,root,no rank,,,,,,,,,,,,,,,,,,,,,,,,,,,,,,,,,,,,,,,,,,,,,,,,,,,,,,,,
VMETEVLETR,,10141,Cavia porcellus,species,2759,Eukaryota,,,33208,Metazoa,,,,,7711,Chordata,89593,Craniata,8287,Sarcopterygii,40674,Mammalia,,,314146,Euarchontoglires,9989,Rodentia,33550,Hystricomorpha,,,,,10139,Caviidae,,,,,,,10140,Cavia,,,,,,,10141,Cavia porcellus,,,,,,,,
TPPAGVFYQGW,,1236,Gammaproteobacteria,class,2,Bacteria,,,3379134,Pseudomonadati,,,,,1224,Pseudomonadota,,,,,1236,Gammaproteobacteria,,,,,,,,,,,,,,,,,,,,,,,,,,,,,,,,,,,,,,
AQSVVDYLLSK,,1,root,no rank,,,,,,,,,,,,,,,,,,,,,,,,,,,,,,,,,,,,,,,,,,,,,,,,,,,,,,,,
VVGQLGQVLGPR,,1,root,no rank,,,,,,,,,,,,,,,,,,,,,,,,,,,,,,,,,,,,,,,,,,,,,,,,,,,,,,,,
VVGQLGQVLGPR,,1,root,no rank,,,,,,,,,,,,,,,,,,,,,,,,,,,,,,,,,,,,,,,,,,,,,,,,,,,,,,,,
VLPLPPPPPPR,,2759,Eukaryota,domain,2759,Eukaryota,,,,,,,,,,,,,,,,,,,,,,,,,,,,,,,,,,,,,,,,,,,,,,,,,,,,,,
VMGLMNSFVND,,89593,Craniata,subphylum,2759,Eukaryota,,,33208,Metazoa,,,,,7711,Chordata,89593,Craniata,,,,,,,,,,,,,,,,,,,,,,,,,,,,,,,,,,,,,,,,,,
VVFPTVVGRPR,,100452,Candidula unifasciata,species,2759,Eukaryota,,,33208,Metazoa,,,,,6447,Mollusca,,,,,6448,Gastropoda,216305,Heterobranchia,120490,Eupulmonata,6527,Stylommatophora,,,,,87862,Helicoidea,1920660,Geomitridae,,,,,,,100451,Candidula,,,,,,,100452,Candidula unifasciata,,,,,,,,
TALTVLVELLR,,1828758,Desmonostoc muscorum LEGE 12446,strain,2,Bacteria,,,1783272,Bacillati,,,,,1117,Cyanobacteriota,,,,,3028117,Cyanophyceae,,,,,1161,Nostocales,,,,,,,1162,Nostocaceae,,,,,,,1340414,Desmonostoc,,,,,,,1179,Desmonostoc muscorum,,,1828758,Desmonostoc muscorum LEGE 12446,,,,
TALTVLVELLR,,1828758,Desmonostoc muscorum LEGE 12446,strain,2,Bacteria,,,1783272,Bacillati,,,,,1117,Cyanobacteriota,,,,,3028117,Cyanophyceae,,,,,1161,Nostocales,,,,,,,1162,Nostocaceae,,,,,,,1340414,Desmonostoc,,,,,,,1179,Desmonostoc muscorum,,,1828758,Desmonostoc muscorum LEGE 12446,,,,
SLFPSLVGRPR,,2759,Eukaryota,domain,2759,Eukaryota,,,,,,,,,,,,,,,,,,,,,,,,,,,,,,,,,,,,,,,,,,,,,,,,,,,,,,
FLPLPPPPPPR,,2720870,Aspergillus subgen. Nidulantes,subgenus,2759,Eukaryota,,,4751,Fungi,451864,Dikarya,,,4890,Ascomycota,147538,Pezizomycotina,,,147545,Eurotiomycetes,451871,Eurotiomycetidae,,,5042,Eurotiales,,,,,,,1131492,Aspergillaceae,,,,,,,5052,Aspergillus,2720870,Aspergillus subgen. Nidulantes,,,,,,,,,,,,,,
TAEFLLHMLR,,9925,Capra hircus,species,2759,Eukaryota,,,33208,Metazoa,,,,,7711,Chordata,89593,Craniata,8287,Sarcopterygii,40674,Mammalia,,,314145,Laurasiatheria,91561,Artiodactyla,9845,Ruminantia,35500,Pecora,,,9895,Bovidae,9963,Caprinae,,,,,9922,Capra,,,,,,,9925,Capra hircus,,,,,,,,
FLPLPPPPPPR,,2720870,Aspergillus subgen. Nidulantes,subgenus,2759,Eukaryota,,,4751,Fungi,451864,Dikarya,,,4890,Ascomycota,147538,Pezizomycotina,,,147545,Eurotiomycetes,451871,Eurotiomycetidae,,,5042,Eurotiales,,,,,,,1131492,Aspergillaceae,,,,,,,5052,Aspergillus,2720870,Aspergillus subgen. Nidulantes,,,,,,,,,,,,,,
FLPLPPPPPPR,,2720870,Aspergillus subgen. Nidulantes,subgenus,2759,Eukaryota,,,4751,Fungi,451864,Dikarya,,,4890,Ascomycota,147538,Pezizomycotina,,,147545,Eurotiomycetes,451871,Eurotiomycetidae,,,5042,Eurotiales,,,,,,,1131492,Aspergillaceae,,,,,,,5052,Aspergillus,2720870,Aspergillus subgen. Nidulantes,,,,,,,,,,,,,,
VTYDGHTALTR,,286,Pseudomonas,genus,2,Bacteria,,,3379134,Pseudomonadati,,,,,1224,Pseudomonadota,,,,,1236,Gammaproteobacteria,,,,,72274,Pseudomonadales,,,,,,,135621,Pseudomonadaceae,,,,,,,286,Pseudomonas,,,,,,,,,,,,,,,,
ATAAAAAAAAAAAPK,,2759,Eukaryota,domain,2759,Eukaryota,,,,,,,,,,,,,,,,,,,,,,,,,,,,,,,,,,,,,,,,,,,,,,,,,,,,,,
LGLDLLVGTPGR,,1549675,Galloanserae,superorder,2759,Eukaryota,,,33208,Metazoa,,,,,7711,Chordata,89593,Craniata,8287,Sarcopterygii,8782,Aves,,,1549675,Galloanserae,,,,,,,,,,,,,,,,,,,,,,,,,,,,,,,,,,
FVEAEGFSVVR,,1,root,no rank,,,,,,,,,,,,,,,,,,,,,,,,,,,,,,,,,,,,,,,,,,,,,,,,,,,,,,,,
YLTEQGFQVR,,1,root,no rank,,,,,,,,,,,,,,,,,,,,,,,,,,,,,,,,,,,,,,,,,,,,,,,,,,,,,,,,
KSTPAQLAFMR,,8352,Pipidae,family,2759,Eukaryota,,,33208,Metazoa,,,,,7711,Chordata,89593,Craniata,8287,Sarcopterygii,8292,Amphibia,,,41666,Batrachia,8342,Anura,,,,,30319,Pipoidea,8352,Pipidae,,,,,,,,,,,,,,,,,,,,,,,,
VGTYFSNQAVR,,314146,Euarchontoglires,superorder,2759,Eukaryota,,,33208,Metazoa,,,,,7711,Chordata,89593,Craniata,8287,Sarcopterygii,40674,Mammalia,,,314146,Euarchontoglires,,,,,,,,,,,,,,,,,,,,,,,,,,,,,,,,,,
VGTYFSNQAVR,,314146,Euarchontoglires,superorder,2759,Eukaryota,,,33208,Metazoa,,,,,7711,Chordata,89593,Craniata,8287,Sarcopterygii,40674,Mammalia,,,314146,Euarchontoglires,,,,,,,,,,,,,,,,,,,,,,,,,,,,,,,,,,
LLTVNDLPVGR,,96440,Salvator merianae,species,2759,Eukaryota,,,33208,Metazoa,,,,,7711,Chordata,89593,Craniata,8287,Sarcopterygii,8504,Lepidosauria,,,,,8509,Squamata,,,,,35036,Teiioidea,8530,Teiidae,,,,,,,1469640,Salvator,,,,,,,96440,Salvator merianae,,,,,,,,
FDAGTTFGSGVGK,,356,Hyphomicrobiales,order,2,Bacteria,,,3379134,Pseudomonadati,,,,,1224,Pseudomonadota,,,,,28211,Alphaproteobacteria,,,,,356,Hyphomicrobiales,,,,,,,,,,,,,,,,,,,,,,,,,,,,,,,,
ESGLLQGDLLAK,,1,root,no rank,,,,,,,,,,,,,,,,,,,,,,,,,,,,,,,,,,,,,,,,,,,,,,,,,,,,,,,,
LLTELLEQER,,1289171,Ochlerotatus caballus,species,2759,Eukaryota,,,33208,Metazoa,,,,,6656,Arthropoda,6960,Hexapoda,,,50557,Insecta,7496,Pterygota,,,7147,Diptera,7148,Nematocera,43786,Culicomorpha,41827,Culicoidea,7157,Culicidae,43817,Culicinae,1056966,Aedini,,,190765,Ochlerotatus,1289136,Juppius,,,,,1289171,Ochlerotatus caballus,,,,,,,,
LLTELLEQER,,1289171,Ochlerotatus caballus,species,2759,Eukaryota,,,33208,Metazoa,,,,,6656,Arthropoda,6960,Hexapoda,,,50557,Insecta,7496,Pterygota,,,7147,Diptera,7148,Nematocera,43786,Culicomorpha,41827,Culicoidea,7157,Culicidae,43817,Culicinae,1056966,Aedini,,,190765,Ochlerotatus,1289136,Juppius,,,,,1289171,Ochlerotatus caballus,,,,,,,,
LGLDLLVGTPGR,,1549675,Galloanserae,superorder,2759,Eukaryota,,,33208,Metazoa,,,,,7711,Chordata,89593,Craniata,8287,Sarcopterygii,8782,Aves,,,1549675,Galloanserae,,,,,,,,,,,,,,,,,,,,,,,,,,,,,,,,,,
LGLDLLVGTPGR,,1549675,Galloanserae,superorder,2759,Eukaryota,,,33208,Metazoa,,,,,7711,Chordata,89593,Craniata,8287,Sarcopterygii,8782,Aves,,,1549675,Galloanserae,,,,,,,,,,,,,,,,,,,,,,,,,,,,,,,,,,
RTQALLLAPTR,,1,root,no rank,,,,,,,,,,,,,,,,,,,,,,,,,,,,,,,,,,,,,,,,,,,,,,,,,,,,,,,,
RTQALLLAPTR,,1,root,no rank,,,,,,,,,,,,,,,,,,,,,,,,,,,,,,,,,,,,,,,,,,,,,,,,,,,,,,,,
RTQALLLAPTR,,1,root,no rank,,,,,,,,,,,,,,,,,,,,,,,,,,,,,,,,,,,,,,,,,,,,,,,,,,,,,,,,
RTQALLLAPTR,,1,root,no rank,,,,,,,,,,,,,,,,,,,,,,,,,,,,,,,,,,,,,,,,,,,,,,,,,,,,,,,,
VGTYFSNQAVR,,314146,Euarchontoglires,superorder,2759,Eukaryota,,,33208,Metazoa,,,,,7711,Chordata,89593,Craniata,8287,Sarcopterygii,40674,Mammalia,,,314146,Euarchontoglires,,,,,,,,,,,,,,,,,,,,,,,,,,,,,,,,,,
VGTYFSNQAVR,,314146,Euarchontoglires,superorder,2759,Eukaryota,,,33208,Metazoa,,,,,7711,Chordata,89593,Craniata,8287,Sarcopterygii,40674,Mammalia,,,314146,Euarchontoglires,,,,,,,,,,,,,,,,,,,,,,,,,,,,,,,,,,
VGTYFSNQAVR,,314146,Euarchontoglires,superorder,2759,Eukaryota,,,33208,Metazoa,,,,,7711,Chordata,89593,Craniata,8287,Sarcopterygii,40674,Mammalia,,,314146,Euarchontoglires,,,,,,,,,,,,,,,,,,,,,,,,,,,,,,,,,,
RTQALLLAPTR,,1,root,no rank,,,,,,,,,,,,,,,,,,,,,,,,,,,,,,,,,,,,,,,,,,,,,,,,,,,,,,,,
STLVGHDTFTK,,1883,Streptomyces,genus,2,Bacteria,,,1783272,Bacillati,,,,,201174,Actinomycetota,,,,,1760,Actinomycetes,,,,,85011,Kitasatosporales,,,,,,,2062,Streptomycetaceae,,,,,,,1883,Streptomyces,,,,,,,,,,,,,,,,
STLVGHDTFTK,,1883,Streptomyces,genus,2,Bacteria,,,1783272,Bacillati,,,,,201174,Actinomycetota,,,,,1760,Actinomycetes,,,,,85011,Kitasatosporales,,,,,,,2062,Streptomycetaceae,,,,,,,1883,Streptomyces,,,,,,,,,,,,,,,,
GQNVPVVFFNK,,543,Enterobacteriaceae,family,2,Bacteria,,,3379134,Pseudomonadati,,,,,1224,Pseudomonadota,,,,,1236,Gammaproteobacteria,,,,,91347,Enterobacterales,,,,,,,543,Enterobacteriaceae,,,,,,,,,,,,,,,,,,,,,,,,
FGTGVLLLSPTR,,36090,Globodera pallida,species,2759,Eukaryota,,,33208,Metazoa,,,,,6231,Nematoda,,,,,119089,Chromadorea,,,,,6236,Rhabditida,6300,Tylenchina,33283,Tylenchomorpha,33284,Tylenchoidea,6301,Heteroderidae,33286,Heteroderinae,,,,,31242,Globodera,,,,,,,36090,Globodera pallida,,,,,,,,
ALGANLVLTEGAK,,1,root,no rank,,,,,,,,,,,,,,,,,,,,,,,,,,,,,,,,,,,,,,,,,,,,,,,,,,,,,,,,
FGTGVLLLSPTR,,36090,Globodera pallida,species,2759,Eukaryota,,,33208,Metazoa,,,,,6231,Nematoda,,,,,119089,Chromadorea,,,,,6236,Rhabditida,6300,Tylenchina,33283,Tylenchomorpha,33284,Tylenchoidea,6301,Heteroderidae,33286,Heteroderinae,,,,,31242,Globodera,,,,,,,36090,Globodera pallida,,,,,,,,
FGTGVLLLSPTR,,36090,Globodera pallida,species,2759,Eukaryota,,,33208,Metazoa,,,,,6231,Nematoda,,,,,119089,Chromadorea,,,,,6236,Rhabditida,6300,Tylenchina,33283,Tylenchomorpha,33284,Tylenchoidea,6301,Heteroderidae,33286,Heteroderinae,,,,,31242,Globodera,,,,,,,36090,Globodera pallida,,,,,,,,
FGTGVLLLSPTR,,36090,Globodera pallida,species,2759,Eukaryota,,,33208,Metazoa,,,,,6231,Nematoda,,,,,119089,Chromadorea,,,,,6236,Rhabditida,6300,Tylenchina,33283,Tylenchomorpha,33284,Tylenchoidea,6301,Heteroderidae,33286,Heteroderinae,,,,,31242,Globodera,,,,,,,36090,Globodera pallida,,,,,,,,
FGTGVLLLSPTR,,36090,Globodera pallida,species,2759,Eukaryota,,,33208,Metazoa,,,,,6231,Nematoda,,,,,119089,Chromadorea,,,,,6236,Rhabditida,6300,Tylenchina,33283,Tylenchomorpha,33284,Tylenchoidea,6301,Heteroderidae,33286,Heteroderinae,,,,,31242,Globodera,,,,,,,36090,Globodera pallida,,,,,,,,
LPLLLATDVASR,,1,root,no rank,,,,,,,,,,,,,,,,,,,,,,,,,,,,,,,,,,,,,,,,,,,,,,,,,,,,,,,,
LPLLLATDVASR,,1,root,no rank,,,,,,,,,,,,,,,,,,,,,,,,,,,,,,,,,,,,,,,,,,,,,,,,,,,,,,,,
YRAEELAEER,,1236,Gammaproteobacteria,class,2,Bacteria,,,3379134,Pseudomonadati,,,,,1224,Pseudomonadota,,,,,1236,Gammaproteobacteria,,,,,,,,,,,,,,,,,,,,,,,,,,,,,,,,,,,,,,
LQQVGDKPRPK,,1,root,no rank,,,,,,,,,,,,,,,,,,,,,,,,,,,,,,,,,,,,,,,,,,,,,,,,,,,,,,,,
KSALVLQSYLR,,219545,Ameiurus melas,species,2759,Eukaryota,,,33208,Metazoa,,,,,7711,Chordata,89593,Craniata,7898,Actinopterygii,186623,Actinopteri,41665,Neopterygii,186628,Characiphysae,7995,Siluriformes,1489793,Siluroidei,,,,,7996,Ictaluridae,,,,,,,50384,Ameiurus,,,,,,,219545,Ameiurus melas,,,,,,,,
VGELTEDEVER,,9568,Mandrillus leucophaeus,species,2759,Eukaryota,,,33208,Metazoa,,,,,7711,Chordata,89593,Craniata,8287,Sarcopterygii,40674,Mammalia,,,314146,Euarchontoglires,9443,Primates,376913,Haplorrhini,314293,Simiiformes,314294,Cercopithecoidea,9527,Cercopithecidae,9528,Cercopithecinae,,,,,9567,Mandrillus,,,,,,,9568,Mandrillus leucophaeus,,,,,,,,
SGTALGWTVAWK,,1883,Streptomyces,genus,2,Bacteria,,,1783272,Bacillati,,,,,201174,Actinomycetota,,,,,1760,Actinomycetes,,,,,85011,Kitasatosporales,,,,,,,2062,Streptomycetaceae,,,,,,,1883,Streptomyces,,,,,,,,,,,,,,,,
SDLFNVNAGLVK,,2,Bacteria,domain,2,Bacteria,,,,,,,,,,,,,,,,,,,,,,,,,,,,,,,,,,,,,,,,,,,,,,,,,,,,,,
SDLFNVNAGLVK,,2,Bacteria,domain,2,Bacteria,,,,,,,,,,,,,,,,,,,,,,,,,,,,,,,,,,,,,,,,,,,,,,,,,,,,,,
RMEAELEDER,,2759,Eukaryota,domain,2759,Eukaryota,,,,,,,,,,,,,,,,,,,,,,,,,,,,,,,,,,,,,,,,,,,,,,,,,,,,,,
WSGQYVGGAEAR,,1883,Streptomyces,genus,2,Bacteria,,,1783272,Bacillati,,,,,201174,Actinomycetota,,,,,1760,Actinomycetes,,,,,85011,Kitasatosporales,,,,,,,2062,Streptomycetaceae,,,,,,,1883,Streptomyces,,,,,,,,,,,,,,,,
VGELTEDEVER,,9568,Mandrillus leucophaeus,species,2759,Eukaryota,,,33208,Metazoa,,,,,7711,Chordata,89593,Craniata,8287,Sarcopterygii,40674,Mammalia,,,314146,Euarchontoglires,9443,Primates,376913,Haplorrhini,314293,Simiiformes,314294,Cercopithecoidea,9527,Cercopithecidae,9528,Cercopithecinae,,,,,9567,Mandrillus,,,,,,,9568,Mandrillus leucophaeus,,,,,,,,
EVPVEVKPEVR,,1236,Gammaproteobacteria,class,2,Bacteria,,,3379134,Pseudomonadati,,,,,1224,Pseudomonadota,,,,,1236,Gammaproteobacteria,,,,,,,,,,,,,,,,,,,,,,,,,,,,,,,,,,,,,,
RMEAELEDER,,2759,Eukaryota,domain,2759,Eukaryota,,,,,,,,,,,,,,,,,,,,,,,,,,,,,,,,,,,,,,,,,,,,,,,,,,,,,,
RMEAELEDER,,2759,Eukaryota,domain,2759,Eukaryota,,,,,,,,,,,,,,,,,,,,,,,,,,,,,,,,,,,,,,,,,,,,,,,,,,,,,,
TYESAVGNAESR,,1883,Streptomyces,genus,2,Bacteria,,,1783272,Bacillati,,,,,201174,Actinomycetota,,,,,1760,Actinomycetes,,,,,85011,Kitasatosporales,,,,,,,2062,Streptomycetaceae,,,,,,,1883,Streptomyces,,,,,,,,,,,,,,,,
TYESAVGNAESR,,1883,Streptomyces,genus,2,Bacteria,,,1783272,Bacillati,,,,,201174,Actinomycetota,,,,,1760,Actinomycetes,,,,,85011,Kitasatosporales,,,,,,,2062,Streptomycetaceae,,,,,,,1883,Streptomyces,,,,,,,,,,,,,,,,
APAAAPDDLALLK,,9443,Primates,order,2759,Eukaryota,,,33208,Metazoa,,,,,7711,Chordata,89593,Craniata,8287,Sarcopterygii,40674,Mammalia,,,314146,Euarchontoglires,9443,Primates,,,,,,,,,,,,,,,,,,,,,,,,,,,,,,,,
KQVGALLLTPTR,,2116661,Sylvioidea,superfamily,2759,Eukaryota,,,33208,Metazoa,,,,,7711,Chordata,89593,Craniata,8287,Sarcopterygii,8782,Aves,,,,,9126,Passeriformes,,,,,2116661,Sylvioidea,,,,,,,,,,,,,,,,,,,,,,,,,,
CCLPLLLFLR,,49546,Flavobacteriaceae,family,2,Bacteria,,,3379134,Pseudomonadati,,,,,976,Bacteroidota,,,,,117743,Flavobacteriia,,,,,200644,Flavobacteriales,,,,,,,49546,Flavobacteriaceae,,,,,,,,,,,,,,,,,,,,,,,,
GVTYDGHTALTR,,286,Pseudomonas,genus,2,Bacteria,,,3379134,Pseudomonadati,,,,,1224,Pseudomonadota,,,,,1236,Gammaproteobacteria,,,,,72274,Pseudomonadales,,,,,,,135621,Pseudomonadaceae,,,,,,,286,Pseudomonas,,,,,,,,,,,,,,,,
AYGSTNPLNVVR,,1,root,no rank,,,,,,,,,,,,,,,,,,,,,,,,,,,,,,,,,,,,,,,,,,,,,,,,,,,,,,,,
RMEAELEDER,,2759,Eukaryota,domain,2759,Eukaryota,,,,,,,,,,,,,,,,,,,,,,,,,,,,,,,,,,,,,,,,,,,,,,,,,,,,,,
ATNMEGLVQHR,,40674,Mammalia,class,2759,Eukaryota,,,33208,Metazoa,,,,,7711,Chordata,89593,Craniata,8287,Sarcopterygii,40674,Mammalia,,,,,,,,,,,,,,,,,,,,,,,,,,,,,,,,,,,,,,
RMEAELEDER,,2759,Eukaryota,domain,2759,Eukaryota,,,,,,,,,,,,,,,,,,,,,,,,,,,,,,,,,,,,,,,,,,,,,,,,,,,,,,
RMEAELEDER,,2759,Eukaryota,domain,2759,Eukaryota,,,,,,,,,,,,,,,,,,,,,,,,,,,,,,,,,,,,,,,,,,,,,,,,,,,,,,
TGEVPADVAAQAR,,1,root,no rank,,,,,,,,,,,,,,,,,,,,,,,,,,,,,,,,,,,,,,,,,,,,,,,,,,,,,,,,
RMEAELEDER,,2759,Eukaryota,domain,2759,Eukaryota,,,,,,,,,,,,,,,,,,,,,,,,,,,,,,,,,,,,,,,,,,,,,,,,,,,,,,
RFGYHDTPGPR,,1868482,Carlito syrichta,species,2759,Eukaryota,,,33208,Metazoa,,,,,7711,Chordata,89593,Craniata,8287,Sarcopterygii,40674,Mammalia,,,314146,Euarchontoglires,9443,Primates,376913,Haplorrhini,376912,Tarsiiformes,,,9475,Tarsiidae,,,,,,,1868481,Carlito,,,,,,,1868482,Carlito syrichta,,,,,,,,
QLYNAPTLVER,,1,root,no rank,,,,,,,,,,,,,,,,,,,,,,,,,,,,,,,,,,,,,,,,,,,,,,,,,,,,,,,,
KLQLSEELLSR,,1653476,Caldimicrobium thiodismutans,species,2,Bacteria,,,3379134,Pseudomonadati,,,,,200940,Thermodesulfobacteriota,,,,,67799,Thermodesulfobacteria,,,,,188710,Thermodesulfobacteriales,,,,,,,188711,Thermodesulfobacteriaceae,,,,,,,444090,Caldimicrobium,,,,,,,1653476,Caldimicrobium thiodismutans,,,,,,,,
KLQLSEELLSR,,1653476,Caldimicrobium thiodismutans,species,2,Bacteria,,,3379134,Pseudomonadati,,,,,200940,Thermodesulfobacteriota,,,,,67799,Thermodesulfobacteria,,,,,188710,Thermodesulfobacteriales,,,,,,,188711,Thermodesulfobacteriaceae,,,,,,,444090,Caldimicrobium,,,,,,,1653476,Caldimicrobium thiodismutans,,,,,,,,
TFMLQGGDFTR,,2759,Eukaryota,domain,2759,Eukaryota,,,,,,,,,,,,,,,,,,,,,,,,,,,,,,,,,,,,,,,,,,,,,,,,,,,,,,
TFMLQGGDFTR,,2759,Eukaryota,domain,2759,Eukaryota,,,,,,,,,,,,,,,,,,,,,,,,,,,,,,,,,,,,,,,,,,,,,,,,,,,,,,
LVTDELVLALVK,,1,root,no rank,,,,,,,,,,,,,,,,,,,,,,,,,,,,,,,,,,,,,,,,,,,,,,,,,,,,,,,,
AGYVSLHSSGFR,,6951,Astigmata,suborder,2759,Eukaryota,,,33208,Metazoa,,,,,6656,Arthropoda,6843,Chelicerata,,,6854,Arachnida,6933,Acari,6946,Acariformes,83137,Sarcoptiformes,6951,Astigmata,,,,,,,,,,,,,,,,,,,,,,,,,,,,,,
MAEMLQADWAK,,1,root,no rank,,,,,,,,,,,,,,,,,,,,,,,,,,,,,,,,,,,,,,,,,,,,,,,,,,,,,,,,
SDLSADLNEHLL,,1236,Gammaproteobacteria,class,2,Bacteria,,,3379134,Pseudomonadati,,,,,1224,Pseudomonadota,,,,,1236,Gammaproteobacteria,,,,,,,,,,,,,,,,,,,,,,,,,,,,,,,,,,,,,,
LGTTEVLPGLAEK,,1236,Gammaproteobacteria,class,2,Bacteria,,,3379134,Pseudomonadati,,,,,1224,Pseudomonadota,,,,,1236,Gammaproteobacteria,,,,,,,,,,,,,,,,,,,,,,,,,,,,,,,,,,,,,,
NDYFSDFSGVY,,1236,Gammaproteobacteria,class,2,Bacteria,,,3379134,Pseudomonadati,,,,,1224,Pseudomonadota,,,,,1236,Gammaproteobacteria,,,,,,,,,,,,,,,,,,,,,,,,,,,,,,,,,,,,,,
LDGYEPPVQESV,,1552824,Eucryptorrhynchus scrobiculatus,species,2759,Eukaryota,,,33208,Metazoa,,,,,6656,Arthropoda,6960,Hexapoda,,,50557,Insecta,7496,Pterygota,,,7041,Coleoptera,41084,Polyphaga,41088,Cucujiformia,71529,Curculionoidea,7042,Curculionidae,190812,Cryptorhynchinae,,,,,436909,Eucryptorrhynchus,,,,,,,1552824,Eucryptorrhynchus scrobiculatus,,,,,,,,
AGYAEDEVVAVSK,,543,Enterobacteriaceae,family,2,Bacteria,,,3379134,Pseudomonadati,,,,,1224,Pseudomonadota,,,,,1236,Gammaproteobacteria,,,,,91347,Enterobacterales,,,,,,,543,Enterobacteriaceae,,,,,,,,,,,,,,,,,,,,,,,,
AGYAEDEVVAVSK,,543,Enterobacteriaceae,family,2,Bacteria,,,3379134,Pseudomonadati,,,,,1224,Pseudomonadota,,,,,1236,Gammaproteobacteria,,,,,91347,Enterobacterales,,,,,,,543,Enterobacteriaceae,,,,,,,,,,,,,,,,,,,,,,,,
TGVSNTLENEFK,,2,Bacteria,domain,2,Bacteria,,,,,,,,,,,,,,,,,,,,,,,,,,,,,,,,,,,,,,,,,,,,,,,,,,,,,,
SDLALLQLQNPK,,543,Enterobacteriaceae,family,2,Bacteria,,,3379134,Pseudomonadati,,,,,1224,Pseudomonadota,,,,,1236,Gammaproteobacteria,,,,,91347,Enterobacterales,,,,,,,543,Enterobacteriaceae,,,,,,,,,,,,,,,,,,,,,,,,
SDLALLQLQNPK,,543,Enterobacteriaceae,family,2,Bacteria,,,3379134,Pseudomonadati,,,,,1224,Pseudomonadota,,,,,1236,Gammaproteobacteria,,,,,91347,Enterobacterales,,,,,,,543,Enterobacteriaceae,,,,,,,,,,,,,,,,,,,,,,,,
GTYESAVGNAESR,,1883,Streptomyces,genus,2,Bacteria,,,1783272,Bacillati,,,,,201174,Actinomycetota,,,,,1760,Actinomycetes,,,,,85011,Kitasatosporales,,,,,,,2062,Streptomycetaceae,,,,,,,1883,Streptomyces,,,,,,,,,,,,,,,,
GTYESAVGNAESR,,1883,Streptomyces,genus,2,Bacteria,,,1783272,Bacillati,,,,,201174,Actinomycetota,,,,,1760,Actinomycetes,,,,,85011,Kitasatosporales,,,,,,,2062,Streptomycetaceae,,,,,,,1883,Streptomyces,,,,,,,,,,,,,,,,
GTYESAVGNAESR,,1883,Streptomyces,genus,2,Bacteria,,,1783272,Bacillati,,,,,201174,Actinomycetota,,,,,1760,Actinomycetes,,,,,85011,Kitasatosporales,,,,,,,2062,Streptomycetaceae,,,,,,,1883,Streptomyces,,,,,,,,,,,,,,,,
LVGALLVYDLVK,,36090,Globodera pallida,species,2759,Eukaryota,,,33208,Metazoa,,,,,6231,Nematoda,,,,,119089,Chromadorea,,,,,6236,Rhabditida,6300,Tylenchina,33283,Tylenchomorpha,33284,Tylenchoidea,6301,Heteroderidae,33286,Heteroderinae,,,,,31242,Globodera,,,,,,,36090,Globodera pallida,,,,,,,,
SLGLTNPEELDR,,543,Enterobacteriaceae,family,2,Bacteria,,,3379134,Pseudomonadati,,,,,1224,Pseudomonadota,,,,,1236,Gammaproteobacteria,,,,,91347,Enterobacterales,,,,,,,543,Enterobacteriaceae,,,,,,,,,,,,,,,,,,,,,,,,
LEVAHFMNALR,,246437,Tupaia chinensis,species,2759,Eukaryota,,,33208,Metazoa,,,,,7711,Chordata,89593,Craniata,8287,Sarcopterygii,40674,Mammalia,,,314146,Euarchontoglires,9392,Scandentia,,,,,,,9393,Tupaiidae,,,,,,,9394,Tupaia,,,,,,,246437,Tupaia chinensis,,,,,,,,
SLMDLYTFAQR,,91347,Enterobacterales,order,2,Bacteria,,,3379134,Pseudomonadati,,,,,1224,Pseudomonadota,,,,,1236,Gammaproteobacteria,,,,,91347,Enterobacterales,,,,,,,,,,,,,,,,,,,,,,,,,,,,,,,,
SLMDLYTFAQR,,91347,Enterobacterales,order,2,Bacteria,,,3379134,Pseudomonadati,,,,,1224,Pseudomonadota,,,,,1236,Gammaproteobacteria,,,,,91347,Enterobacterales,,,,,,,,,,,,,,,,,,,,,,,,,,,,,,,,
LVGALLVYDLVK,,36090,Globodera pallida,species,2759,Eukaryota,,,33208,Metazoa,,,,,6231,Nematoda,,,,,119089,Chromadorea,,,,,6236,Rhabditida,6300,Tylenchina,33283,Tylenchomorpha,33284,Tylenchoidea,6301,Heteroderidae,33286,Heteroderinae,,,,,31242,Globodera,,,,,,,36090,Globodera pallida,,,,,,,,
LVGALLVYDLVK,,36090,Globodera pallida,species,2759,Eukaryota,,,33208,Metazoa,,,,,6231,Nematoda,,,,,119089,Chromadorea,,,,,6236,Rhabditida,6300,Tylenchina,33283,Tylenchomorpha,33284,Tylenchoidea,6301,Heteroderidae,33286,Heteroderinae,,,,,31242,Globodera,,,,,,,36090,Globodera pallida,,,,,,,,
LVGALLVYDLVK,,36090,Globodera pallida,species,2759,Eukaryota,,,33208,Metazoa,,,,,6231,Nematoda,,,,,119089,Chromadorea,,,,,6236,Rhabditida,6300,Tylenchina,33283,Tylenchomorpha,33284,Tylenchoidea,6301,Heteroderidae,33286,Heteroderinae,,,,,31242,Globodera,,,,,,,36090,Globodera pallida,,,,,,,,
LVGALLVYDLVK,,36090,Globodera pallida,species,2759,Eukaryota,,,33208,Metazoa,,,,,6231,Nematoda,,,,,119089,Chromadorea,,,,,6236,Rhabditida,6300,Tylenchina,33283,Tylenchomorpha,33284,Tylenchoidea,6301,Heteroderidae,33286,Heteroderinae,,,,,31242,Globodera,,,,,,,36090,Globodera pallida,,,,,,,,
LVGALLVYDLVK,,36090,Globodera pallida,species,2759,Eukaryota,,,33208,Metazoa,,,,,6231,Nematoda,,,,,119089,Chromadorea,,,,,6236,Rhabditida,6300,Tylenchina,33283,Tylenchomorpha,33284,Tylenchoidea,6301,Heteroderidae,33286,Heteroderinae,,,,,31242,Globodera,,,,,,,36090,Globodera pallida,,,,,,,,
LVGALLVYDLVK,,36090,Globodera pallida,species,2759,Eukaryota,,,33208,Metazoa,,,,,6231,Nematoda,,,,,119089,Chromadorea,,,,,6236,Rhabditida,6300,Tylenchina,33283,Tylenchomorpha,33284,Tylenchoidea,6301,Heteroderidae,33286,Heteroderinae,,,,,31242,Globodera,,,,,,,36090,Globodera pallida,,,,,,,,
LVGALLVYDLVK,,36090,Globodera pallida,species,2759,Eukaryota,,,33208,Metazoa,,,,,6231,Nematoda,,,,,119089,Chromadorea,,,,,6236,Rhabditida,6300,Tylenchina,33283,Tylenchomorpha,33284,Tylenchoidea,6301,Heteroderidae,33286,Heteroderinae,,,,,31242,Globodera,,,,,,,36090,Globodera pallida,,,,,,,,
LVGALLVYDLVK,,36090,Globodera pallida,species,2759,Eukaryota,,,33208,Metazoa,,,,,6231,Nematoda,,,,,119089,Chromadorea,,,,,6236,Rhabditida,6300,Tylenchina,33283,Tylenchomorpha,33284,Tylenchoidea,6301,Heteroderidae,33286,Heteroderinae,,,,,31242,Globodera,,,,,,,36090,Globodera pallida,,,,,,,,
AEALTDQAKEFQ,,28101,Phyllobacterium myrsinacearum,species,2,Bacteria,,,3379134,Pseudomonadati,,,,,1224,Pseudomonadota,,,,,28211,Alphaproteobacteria,,,,,356,Hyphomicrobiales,,,,,,,69277,Phyllobacteriaceae,,,,,,,28100,Phyllobacterium,,,,,,,28101,Phyllobacterium myrsinacearum,,,,,,,,
LNTQWLLTSGTT,,1883,Streptomyces,genus,2,Bacteria,,,1783272,Bacillati,,,,,201174,Actinomycetota,,,,,1760,Actinomycetes,,,,,85011,Kitasatosporales,,,,,,,2062,Streptomycetaceae,,,,,,,1883,Streptomyces,,,,,,,,,,,,,,,,
VAVELEEPEDAR,,441921,Neodiprion lecontei,species,2759,Eukaryota,,,33208,Metazoa,,,,,6656,Arthropoda,6960,Hexapoda,,,50557,Insecta,7496,Pterygota,,,7399,Hymenoptera,,,,,85772,Tenthredinoidea,52632,Diprionidae,410274,Diprioninae,,,,,270857,Neodiprion,,,,,,,441921,Neodiprion lecontei,,,,,,,,
VAVELEEPEDAR,,441921,Neodiprion lecontei,species,2759,Eukaryota,,,33208,Metazoa,,,,,6656,Arthropoda,6960,Hexapoda,,,50557,Insecta,7496,Pterygota,,,7399,Hymenoptera,,,,,85772,Tenthredinoidea,52632,Diprionidae,410274,Diprioninae,,,,,270857,Neodiprion,,,,,,,441921,Neodiprion lecontei,,,,,,,,
VAVELEEPEDAR,,441921,Neodiprion lecontei,species,2759,Eukaryota,,,33208,Metazoa,,,,,6656,Arthropoda,6960,Hexapoda,,,50557,Insecta,7496,Pterygota,,,7399,Hymenoptera,,,,,85772,Tenthredinoidea,52632,Diprionidae,410274,Diprioninae,,,,,270857,Neodiprion,,,,,,,441921,Neodiprion lecontei,,,,,,,,
TELEYYAMLVK,,8630,Laticauda laticaudata,species,2759,Eukaryota,,,33208,Metazoa,,,,,7711,Chordata,89593,Craniata,8287,Sarcopterygii,8504,Lepidosauria,,,,,8509,Squamata,,,8570,Serpentes,34989,Colubroidea,8602,Elapidae,42169,Laticaudinae,,,,,8627,Laticauda,,,,,,,8630,Laticauda laticaudata,,,,,,,,
TELEYYAMLVK,,8630,Laticauda laticaudata,species,2759,Eukaryota,,,33208,Metazoa,,,,,7711,Chordata,89593,Craniata,8287,Sarcopterygii,8504,Lepidosauria,,,,,8509,Squamata,,,8570,Serpentes,34989,Colubroidea,8602,Elapidae,42169,Laticaudinae,,,,,8627,Laticauda,,,,,,,8630,Laticauda laticaudata,,,,,,,,
TELEYYAMLVK,,8630,Laticauda laticaudata,species,2759,Eukaryota,,,33208,Metazoa,,,,,7711,Chordata,89593,Craniata,8287,Sarcopterygii,8504,Lepidosauria,,,,,8509,Squamata,,,8570,Serpentes,34989,Colubroidea,8602,Elapidae,42169,Laticaudinae,,,,,8627,Laticauda,,,,,,,8630,Laticauda laticaudata,,,,,,,,
SLMDLYTFAQR,,91347,Enterobacterales,order,2,Bacteria,,,3379134,Pseudomonadati,,,,,1224,Pseudomonadota,,,,,1236,Gammaproteobacteria,,,,,91347,Enterobacterales,,,,,,,,,,,,,,,,,,,,,,,,,,,,,,,,
VAVELEEPEDAR,,441921,Neodiprion lecontei,species,2759,Eukaryota,,,33208,Metazoa,,,,,6656,Arthropoda,6960,Hexapoda,,,50557,Insecta,7496,Pterygota,,,7399,Hymenoptera,,,,,85772,Tenthredinoidea,52632,Diprionidae,410274,Diprioninae,,,,,270857,Neodiprion,,,,,,,441921,Neodiprion lecontei,,,,,,,,
VAVELEEPEDAR,,441921,Neodiprion lecontei,species,2759,Eukaryota,,,33208,Metazoa,,,,,6656,Arthropoda,6960,Hexapoda,,,50557,Insecta,7496,Pterygota,,,7399,Hymenoptera,,,,,85772,Tenthredinoidea,52632,Diprionidae,410274,Diprioninae,,,,,270857,Neodiprion,,,,,,,441921,Neodiprion lecontei,,,,,,,,
VAVELEEPEDAR,,441921,Neodiprion lecontei,species,2759,Eukaryota,,,33208,Metazoa,,,,,6656,Arthropoda,6960,Hexapoda,,,50557,Insecta,7496,Pterygota,,,7399,Hymenoptera,,,,,85772,Tenthredinoidea,52632,Diprionidae,410274,Diprioninae,,,,,270857,Neodiprion,,,,,,,441921,Neodiprion lecontei,,,,,,,,
TELEYYAMLVK,,8630,Laticauda laticaudata,species,2759,Eukaryota,,,33208,Metazoa,,,,,7711,Chordata,89593,Craniata,8287,Sarcopterygii,8504,Lepidosauria,,,,,8509,Squamata,,,8570,Serpentes,34989,Colubroidea,8602,Elapidae,42169,Laticaudinae,,,,,8627,Laticauda,,,,,,,8630,Laticauda laticaudata,,,,,,,,
VFYFLEMNTR,,2,Bacteria,domain,2,Bacteria,,,,,,,,,,,,,,,,,,,,,,,,,,,,,,,,,,,,,,,,,,,,,,,,,,,,,,
VFYFLEMNTR,,2,Bacteria,domain,2,Bacteria,,,,,,,,,,,,,,,,,,,,,,,,,,,,,,,,,,,,,,,,,,,,,,,,,,,,,,
TELEYYAMLVK,,8630,Laticauda laticaudata,species,2759,Eukaryota,,,33208,Metazoa,,,,,7711,Chordata,89593,Craniata,8287,Sarcopterygii,8504,Lepidosauria,,,,,8509,Squamata,,,8570,Serpentes,34989,Colubroidea,8602,Elapidae,42169,Laticaudinae,,,,,8627,Laticauda,,,,,,,8630,Laticauda laticaudata,,,,,,,,
TSAAGLHFAAPPAR,,136841,Pseudomonas aeruginosa group,species group,2,Bacteria,,,3379134,Pseudomonadati,,,,,1224,Pseudomonadota,,,,,1236,Gammaproteobacteria,,,,,72274,Pseudomonadales,,,,,,,135621,Pseudomonadaceae,,,,,,,286,Pseudomonas,,,136841,Pseudomonas aeruginosa group,,,,,,,,,,,,
VSLEAALADAEQR,,40674,Mammalia,class,2759,Eukaryota,,,33208,Metazoa,,,,,7711,Chordata,89593,Craniata,8287,Sarcopterygii,40674,Mammalia,,,,,,,,,,,,,,,,,,,,,,,,,,,,,,,,,,,,,,
VSLEAALADAEQR,,40674,Mammalia,class,2759,Eukaryota,,,33208,Metazoa,,,,,7711,Chordata,89593,Craniata,8287,Sarcopterygii,40674,Mammalia,,,,,,,,,,,,,,,,,,,,,,,,,,,,,,,,,,,,,,
VSLEAALADAEQR,,40674,Mammalia,class,2759,Eukaryota,,,33208,Metazoa,,,,,7711,Chordata,89593,Craniata,8287,Sarcopterygii,40674,Mammalia,,,,,,,,,,,,,,,,,,,,,,,,,,,,,,,,,,,,,,
VSVDELFAELVR,,89593,Craniata,subphylum,2759,Eukaryota,,,33208,Metazoa,,,,,7711,Chordata,89593,Craniata,,,,,,,,,,,,,,,,,,,,,,,,,,,,,,,,,,,,,,,,,,
RTPPAGVFYQGW,,286,Pseudomonas,genus,2,Bacteria,,,3379134,Pseudomonadati,,,,,1224,Pseudomonadota,,,,,1236,Gammaproteobacteria,,,,,72274,Pseudomonadales,,,,,,,135621,Pseudomonadaceae,,,,,,,286,Pseudomonas,,,,,,,,,,,,,,,,
VRLESELNTYR,,246437,Tupaia chinensis,species,2759,Eukaryota,,,33208,Metazoa,,,,,7711,Chordata,89593,Craniata,8287,Sarcopterygii,40674,Mammalia,,,314146,Euarchontoglires,9392,Scandentia,,,,,,,9393,Tupaiidae,,,,,,,9394,Tupaia,,,,,,,246437,Tupaia chinensis,,,,,,,,
TWSGQYVGGAEAR,,1883,Streptomyces,genus,2,Bacteria,,,1783272,Bacillati,,,,,201174,Actinomycetota,,,,,1760,Actinomycetes,,,,,85011,Kitasatosporales,,,,,,,2062,Streptomycetaceae,,,,,,,1883,Streptomyces,,,,,,,,,,,,,,,,
VSVDELFAELVR,,89593,Craniata,subphylum,2759,Eukaryota,,,33208,Metazoa,,,,,7711,Chordata,89593,Craniata,,,,,,,,,,,,,,,,,,,,,,,,,,,,,,,,,,,,,,,,,,
TWSGQYVGGAEAR,,1883,Streptomyces,genus,2,Bacteria,,,1783272,Bacillati,,,,,201174,Actinomycetota,,,,,1760,Actinomycetes,,,,,85011,Kitasatosporales,,,,,,,2062,Streptomycetaceae,,,,,,,1883,Streptomyces,,,,,,,,,,,,,,,,
VLPATLLGLQSDR,,1,root,no rank,,,,,,,,,,,,,,,,,,,,,,,,,,,,,,,,,,,,,,,,,,,,,,,,,,,,,,,,
EEPVSSGPEEAAGK,,314293,Simiiformes,infraorder,2759,Eukaryota,,,33208,Metazoa,,,,,7711,Chordata,89593,Craniata,8287,Sarcopterygii,40674,Mammalia,,,314146,Euarchontoglires,9443,Primates,376913,Haplorrhini,314293,Simiiformes,,,,,,,,,,,,,,,,,,,,,,,,,,,,
EEPVSSGPEEAAGK,,314293,Simiiformes,infraorder,2759,Eukaryota,,,33208,Metazoa,,,,,7711,Chordata,89593,Craniata,8287,Sarcopterygii,40674,Mammalia,,,314146,Euarchontoglires,9443,Primates,376913,Haplorrhini,314293,Simiiformes,,,,,,,,,,,,,,,,,,,,,,,,,,,,
VLSFETTDESLR,,29073,Ursus maritimus,species,2759,Eukaryota,,,33208,Metazoa,,,,,7711,Chordata,89593,Craniata,8287,Sarcopterygii,40674,Mammalia,,,314145,Laurasiatheria,33554,Carnivora,379584,Caniformia,,,,,9632,Ursidae,,,,,,,9639,Ursus,,,,,,,29073,Ursus maritimus,,,,,,,,
VGVTYDGHTALTR,,286,Pseudomonas,genus,2,Bacteria,,,3379134,Pseudomonadati,,,,,1224,Pseudomonadota,,,,,1236,Gammaproteobacteria,,,,,72274,Pseudomonadales,,,,,,,135621,Pseudomonadaceae,,,,,,,286,Pseudomonas,,,,,,,,,,,,,,,,
ATNFAGLLSQGLR,,2759,Eukaryota,domain,2759,Eukaryota,,,,,,,,,,,,,,,,,,,,,,,,,,,,,,,,,,,,,,,,,,,,,,,,,,,,,,
KYPLSLVLAPTR,,244447,Cynoglossus semilaevis,species,2759,Eukaryota,,,33208,Metazoa,,,,,7711,Chordata,89593,Craniata,7898,Actinopterygii,186623,Actinopteri,41665,Neopterygii,,,8252,Pleuronectiformes,30942,Pleuronectoidei,,,,,30947,Cynoglossidae,603456,Cynoglossinae,,,,,106173,Cynoglossus,,,,,,,244447,Cynoglossus semilaevis,,,,,,,,
QYDLNEALALLK,,1,root,no rank,,,,,,,,,,,,,,,,,,,,,,,,,,,,,,,,,,,,,,,,,,,,,,,,,,,,,,,,
LLTSGTTEANAWK,,1883,Streptomyces,genus,2,Bacteria,,,1783272,Bacillati,,,,,201174,Actinomycetota,,,,,1760,Actinomycetes,,,,,85011,Kitasatosporales,,,,,,,2062,Streptomycetaceae,,,,,,,1883,Streptomyces,,,,,,,,,,,,,,,,
LLTSGTTEANAWK,,1883,Streptomyces,genus,2,Bacteria,,,1783272,Bacillati,,,,,201174,Actinomycetota,,,,,1760,Actinomycetes,,,,,85011,Kitasatosporales,,,,,,,2062,Streptomycetaceae,,,,,,,1883,Streptomyces,,,,,,,,,,,,,,,,
RSEQELAYLER,,8287,Sarcopterygii,superclass,2759,Eukaryota,,,33208,Metazoa,,,,,7711,Chordata,89593,Craniata,8287,Sarcopterygii,,,,,,,,,,,,,,,,,,,,,,,,,,,,,,,,,,,,,,,,
RSEQELAYLER,,8287,Sarcopterygii,superclass,2759,Eukaryota,,,33208,Metazoa,,,,,7711,Chordata,89593,Craniata,8287,Sarcopterygii,,,,,,,,,,,,,,,,,,,,,,,,,,,,,,,,,,,,,,,,
RSEQELAYLER,,8287,Sarcopterygii,superclass,2759,Eukaryota,,,33208,Metazoa,,,,,7711,Chordata,89593,Craniata,8287,Sarcopterygii,,,,,,,,,,,,,,,,,,,,,,,,,,,,,,,,,,,,,,,,
RSEQELAYLER,,8287,Sarcopterygii,superclass,2759,Eukaryota,,,33208,Metazoa,,,,,7711,Chordata,89593,Craniata,8287,Sarcopterygii,,,,,,,,,,,,,,,,,,,,,,,,,,,,,,,,,,,,,,,,
VAAESSALQSLSHV,,42163,Podarcis,genus,2759,Eukaryota,,,33208,Metazoa,,,,,7711,Chordata,89593,Craniata,8287,Sarcopterygii,8504,Lepidosauria,,,,,8509,Squamata,,,,,,,8522,Lacertidae,162266,Lacertinae,,,,,42163,Podarcis,,,,,,,,,,,,,,,,
VAAESSALQSLSHV,,42163,Podarcis,genus,2759,Eukaryota,,,33208,Metazoa,,,,,7711,Chordata,89593,Craniata,8287,Sarcopterygii,8504,Lepidosauria,,,,,8509,Squamata,,,,,,,8522,Lacertidae,162266,Lacertinae,,,,,42163,Podarcis,,,,,,,,,,,,,,,,
LVTYEWGEYLK,,1,root,no rank,,,,,,,,,,,,,,,,,,,,,,,,,,,,,,,,,,,,,,,,,,,,,,,,,,,,,,,,
MEEPQAGGEDAAR,,207598,Homininae,subfamily,2759,Eukaryota,,,33208,Metazoa,,,,,7711,Chordata,89593,Craniata,8287,Sarcopterygii,40674,Mammalia,,,314146,Euarchontoglires,9443,Primates,376913,Haplorrhini,314293,Simiiformes,314295,Hominoidea,9604,Hominidae,207598,Homininae,,,,,,,,,,,,,,,,,,,,,,
MEEPQAGGEDAAR,,207598,Homininae,subfamily,2759,Eukaryota,,,33208,Metazoa,,,,,7711,Chordata,89593,Craniata,8287,Sarcopterygii,40674,Mammalia,,,314146,Euarchontoglires,9443,Primates,376913,Haplorrhini,314293,Simiiformes,314295,Hominoidea,9604,Hominidae,207598,Homininae,,,,,,,,,,,,,,,,,,,,,,
FEGLNLSGNFYR,,10103,Mus spicilegus,species,2759,Eukaryota,,,33208,Metazoa,,,,,7711,Chordata,89593,Craniata,8287,Sarcopterygii,40674,Mammalia,,,314146,Euarchontoglires,9989,Rodentia,1963758,Myomorpha,,,,,10066,Muridae,39107,Murinae,,,,,10088,Mus,862507,Mus,,,,,10103,Mus spicilegus,,,,,,,,
VTVEEVDAAMNAR,,9443,Primates,order,2759,Eukaryota,,,33208,Metazoa,,,,,7711,Chordata,89593,Craniata,8287,Sarcopterygii,40674,Mammalia,,,314146,Euarchontoglires,9443,Primates,,,,,,,,,,,,,,,,,,,,,,,,,,,,,,,,
VGGNFGPGPGSNFR,,51337,Jaculus jaculus,species,2759,Eukaryota,,,33208,Metazoa,,,,,7711,Chordata,89593,Craniata,8287,Sarcopterygii,40674,Mammalia,,,314146,Euarchontoglires,9989,Rodentia,1963758,Myomorpha,,,1963761,Dipodoidea,30648,Dipodidae,35737,Dipodinae,,,,,48867,Jaculus,,,,,,,51337,Jaculus jaculus,,,,,,,,
VTVEEVDAAMNAR,,9443,Primates,order,2759,Eukaryota,,,33208,Metazoa,,,,,7711,Chordata,89593,Craniata,8287,Sarcopterygii,40674,Mammalia,,,314146,Euarchontoglires,9443,Primates,,,,,,,,,,,,,,,,,,,,,,,,,,,,,,,,
MTNFAGLLSQGLR,,7106,Spodoptera,genus,2759,Eukaryota,,,33208,Metazoa,,,,,6656,Arthropoda,6960,Hexapoda,,,50557,Insecta,7496,Pterygota,85604,Amphiesmenoptera,7088,Lepidoptera,41191,Glossata,41196,Neolepidoptera,37570,Noctuoidea,7100,Noctuidae,95182,Amphipyrinae,,,,,7106,Spodoptera,,,,,,,,,,,,,,,,
LGLLEVQAPLLSR,,1,root,no rank,,,,,,,,,,,,,,,,,,,,,,,,,,,,,,,,,,,,,,,,,,,,,,,,,,,,,,,,
LGSDAYNQGLSER,,2,Bacteria,domain,2,Bacteria,,,,,,,,,,,,,,,,,,,,,,,,,,,,,,,,,,,,,,,,,,,,,,,,,,,,,,
SPAFDSLMAETLK,,1,root,no rank,,,,,,,,,,,,,,,,,,,,,,,,,,,,,,,,,,,,,,,,,,,,,,,,,,,,,,,,
KTNFAGLLSQGLR,,2759,Eukaryota,domain,2759,Eukaryota,,,,,,,,,,,,,,,,,,,,,,,,,,,,,,,,,,,,,,,,,,,,,,,,,,,,,,
KTNFAGLLSQGLR,,2759,Eukaryota,domain,2759,Eukaryota,,,,,,,,,,,,,,,,,,,,,,,,,,,,,,,,,,,,,,,,,,,,,,,,,,,,,,
SGDLTAFEPELLK,,543,Enterobacteriaceae,family,2,Bacteria,,,3379134,Pseudomonadati,,,,,1224,Pseudomonadota,,,,,1236,Gammaproteobacteria,,,,,91347,Enterobacterales,,,,,,,543,Enterobacteriaceae,,,,,,,,,,,,,,,,,,,,,,,,
SGDLTAFEPELLK,,543,Enterobacteriaceae,family,2,Bacteria,,,3379134,Pseudomonadati,,,,,1224,Pseudomonadota,,,,,1236,Gammaproteobacteria,,,,,91347,Enterobacterales,,,,,,,543,Enterobacteriaceae,,,,,,,,,,,,,,,,,,,,,,,,
AGGGSATLSMGQAAAR,,1,root,no rank,,,,,,,,,,,,,,,,,,,,,,,,,,,,,,,,,,,,,,,,,,,,,,,,,,,,,,,,
VTTGTQTLLSSGTR,,314146,Euarchontoglires,superorder,2759,Eukaryota,,,33208,Metazoa,,,,,7711,Chordata,89593,Craniata,8287,Sarcopterygii,40674,Mammalia,,,314146,Euarchontoglires,,,,,,,,,,,,,,,,,,,,,,,,,,,,,,,,,,
SPAFDSLMAETLK,,1,root,no rank,,,,,,,,,,,,,,,,,,,,,,,,,,,,,,,,,,,,,,,,,,,,,,,,,,,,,,,,
NVEASFELNDASK,,1,root,no rank,,,,,,,,,,,,,,,,,,,,,,,,,,,,,,,,,,,,,,,,,,,,,,,,,,,,,,,,
VGPGSEELTVTNAR,,40674,Mammalia,class,2759,Eukaryota,,,33208,Metazoa,,,,,7711,Chordata,89593,Craniata,8287,Sarcopterygii,40674,Mammalia,,,,,,,,,,,,,,,,,,,,,,,,,,,,,,,,,,,,,,
TADHSMNYQYR,,30352,Ranoidea,superfamily,2759,Eukaryota,,,33208,Metazoa,,,,,7711,Chordata,89593,Craniata,8287,Sarcopterygii,8292,Amphibia,,,41666,Batrachia,8342,Anura,8416,Neobatrachia,,,30352,Ranoidea,,,,,,,,,,,,,,,,,,,,,,,,,,
TGGDAPDQTTTLVR,,2,Bacteria,domain,2,Bacteria,,,,,,,,,,,,,,,,,,,,,,,,,,,,,,,,,,,,,,,,,,,,,,,,,,,,,,
LQMLENQMEVR,,72004,Bos mutus,species,2759,Eukaryota,,,33208,Metazoa,,,,,7711,Chordata,89593,Craniata,8287,Sarcopterygii,40674,Mammalia,,,314145,Laurasiatheria,91561,Artiodactyla,9845,Ruminantia,35500,Pecora,,,9895,Bovidae,27592,Bovinae,,,,,9903,Bos,,,,,,,72004,Bos mutus,,,,,,,,
LQMLENQMEVR,,72004,Bos mutus,species,2759,Eukaryota,,,33208,Metazoa,,,,,7711,Chordata,89593,Craniata,8287,Sarcopterygii,40674,Mammalia,,,314145,Laurasiatheria,91561,Artiodactyla,9845,Ruminantia,35500,Pecora,,,9895,Bovidae,27592,Bovinae,,,,,9903,Bos,,,,,,,72004,Bos mutus,,,,,,,,
VGPGSEELTVTNAR,,40674,Mammalia,class,2759,Eukaryota,,,33208,Metazoa,,,,,7711,Chordata,89593,Craniata,8287,Sarcopterygii,40674,Mammalia,,,,,,,,,,,,,,,,,,,,,,,,,,,,,,,,,,,,,,
RPGSEELTVTNAR,,314146,Euarchontoglires,superorder,2759,Eukaryota,,,33208,Metazoa,,,,,7711,Chordata,89593,Craniata,8287,Sarcopterygii,40674,Mammalia,,,314146,Euarchontoglires,,,,,,,,,,,,,,,,,,,,,,,,,,,,,,,,,,
FMALGSGVLLDADK,,543,Enterobacteriaceae,family,2,Bacteria,,,3379134,Pseudomonadati,,,,,1224,Pseudomonadota,,,,,1236,Gammaproteobacteria,,,,,91347,Enterobacterales,,,,,,,543,Enterobacteriaceae,,,,,,,,,,,,,,,,,,,,,,,,
LFAEGFLVTELAK,,1,root,no rank,,,,,,,,,,,,,,,,,,,,,,,,,,,,,,,,,,,,,,,,,,,,,,,,,,,,,,,,
AEAGLTGTWYNQL,,1883,Streptomyces,genus,2,Bacteria,,,1783272,Bacillati,,,,,201174,Actinomycetota,,,,,1760,Actinomycetes,,,,,85011,Kitasatosporales,,,,,,,2062,Streptomycetaceae,,,,,,,1883,Streptomyces,,,,,,,,,,,,,,,,
VSNLLEDLETLR,,360622,Heracleum sosnowskyi,species,2759,Eukaryota,,,33090,Viridiplantae,,,,,35493,Streptophyta,131221,Streptophytina,,,3398,Magnoliopsida,,,,,4036,Apiales,364270,Apiineae,,,,,4037,Apiaceae,241778,Apioideae,489404,Tordylieae,1589896,Tordyliinae,40917,Heracleum,,,,,,,360622,Heracleum sosnowskyi,,,,,,,,
LAEQEGLAEDGYR,,1236,Gammaproteobacteria,class,2,Bacteria,,,3379134,Pseudomonadati,,,,,1224,Pseudomonadota,,,,,1236,Gammaproteobacteria,,,,,,,,,,,,,,,,,,,,,,,,,,,,,,,,,,,,,,
EGDAVQLVGFGTFK,,1224,Pseudomonadota,phylum,2,Bacteria,,,3379134,Pseudomonadati,,,,,1224,Pseudomonadota,,,,,,,,,,,,,,,,,,,,,,,,,,,,,,,,,,,,,,,,,,,,
AVGVTYDGHTALTR,,286,Pseudomonas,genus,2,Bacteria,,,3379134,Pseudomonadati,,,,,1224,Pseudomonadota,,,,,1236,Gammaproteobacteria,,,,,72274,Pseudomonadales,,,,,,,135621,Pseudomonadaceae,,,,,,,286,Pseudomonas,,,,,,,,,,,,,,,,
AADMTGADLEAMTR,,1,root,no rank,,,,,,,,,,,,,,,,,,,,,,,,,,,,,,,,,,,,,,,,,,,,,,,,,,,,,,,,
AADMTGADLEAMTR,,1,root,no rank,,,,,,,,,,,,,,,,,,,,,,,,,,,,,,,,,,,,,,,,,,,,,,,,,,,,,,,,
AADMTGADLEAMTR,,1,root,no rank,,,,,,,,,,,,,,,,,,,,,,,,,,,,,,,,,,,,,,,,,,,,,,,,,,,,,,,,
LEALPQLDKYLK,,6182,Schistosoma japonicum,species,2759,Eukaryota,,,33208,Metazoa,,,,,6157,Platyhelminthes,,,,,6178,Trematoda,6179,Digenea,,,6180,Strigeidida,,,,,31244,Schistosomatoidea,31245,Schistosomatidae,,,,,,,6181,Schistosoma,,,,,,,6182,Schistosoma japonicum,,,,,,,,
LGAFVFPGELLLR,,314293,Simiiformes,infraorder,2759,Eukaryota,,,33208,Metazoa,,,,,7711,Chordata,89593,Craniata,8287,Sarcopterygii,40674,Mammalia,,,314146,Euarchontoglires,9443,Primates,376913,Haplorrhini,314293,Simiiformes,,,,,,,,,,,,,,,,,,,,,,,,,,,,
TFMLQGGDPTGTGR,,456999,Rhizoctonia solani,species,2759,Eukaryota,,,4751,Fungi,451864,Dikarya,,,5204,Basidiomycota,5302,Agaricomycotina,,,155619,Agaricomycetes,,,,,36064,Cantharellales,,,,,,,5250,Ceratobasidiaceae,,,,,,,1322061,Rhizoctonia,,,,,,,456999,Rhizoctonia solani,,,,,,,,
TFMLQGGDPTGTGR,,456999,Rhizoctonia solani,species,2759,Eukaryota,,,4751,Fungi,451864,Dikarya,,,5204,Basidiomycota,5302,Agaricomycotina,,,155619,Agaricomycetes,,,,,36064,Cantharellales,,,,,,,5250,Ceratobasidiaceae,,,,,,,1322061,Rhizoctonia,,,,,,,456999,Rhizoctonia solani,,,,,,,,
TTWSGQYVGGAEAR,,1883,Streptomyces,genus,2,Bacteria,,,1783272,Bacillati,,,,,201174,Actinomycetota,,,,,1760,Actinomycetes,,,,,85011,Kitasatosporales,,,,,,,2062,Streptomycetaceae,,,,,,,1883,Streptomyces,,,,,,,,,,,,,,,,
YNMELTLEEAVR,,1,root,no rank,,,,,,,,,,,,,,,,,,,,,,,,,,,,,,,,,,,,,,,,,,,,,,,,,,,,,,,,
EGETGGDGVGSVWHV,,28101,Phyllobacterium myrsinacearum,species,2,Bacteria,,,3379134,Pseudomonadati,,,,,1224,Pseudomonadota,,,,,28211,Alphaproteobacteria,,,,,356,Hyphomicrobiales,,,,,,,69277,Phyllobacteriaceae,,,,,,,28100,Phyllobacterium,,,,,,,28101,Phyllobacterium myrsinacearum,,,,,,,,
LQLQSLQQSLER,,34880,Nyctereutes procyonoides,species,2759,Eukaryota,,,33208,Metazoa,,,,,7711,Chordata,89593,Craniata,8287,Sarcopterygii,40674,Mammalia,,,314145,Laurasiatheria,33554,Carnivora,379584,Caniformia,,,,,9608,Canidae,,,,,,,34879,Nyctereutes,,,,,,,34880,Nyctereutes procyonoides,,,,,,,,
VALANASTLAEVER,,1415580,Microcaecilia unicolor,species,2759,Eukaryota,,,33208,Metazoa,,,,,7711,Chordata,89593,Craniata,8287,Sarcopterygii,8292,Amphibia,,,,,8445,Gymnophiona,,,,,,,1277737,Siphonopidae,,,,,,,264009,Microcaecilia,,,,,,,1415580,Microcaecilia unicolor,,,,,,,,
FSDFSGVYSQLSR,,1236,Gammaproteobacteria,class,2,Bacteria,,,3379134,Pseudomonadati,,,,,1224,Pseudomonadota,,,,,1236,Gammaproteobacteria,,,,,,,,,,,,,,,,,,,,,,,,,,,,,,,,,,,,,,
FSDFSGVYSQLSR,,1236,Gammaproteobacteria,class,2,Bacteria,,,3379134,Pseudomonadati,,,,,1224,Pseudomonadota,,,,,1236,Gammaproteobacteria,,,,,,,,,,,,,,,,,,,,,,,,,,,,,,,,,,,,,,
KDLDELVLVGGSTR,,1,root,no rank,,,,,,,,,,,,,,,,,,,,,,,,,,,,,,,,,,,,,,,,,,,,,,,,,,,,,,,,
KDLDELVLVGGSTR,,1,root,no rank,,,,,,,,,,,,,,,,,,,,,,,,,,,,,,,,,,,,,,,,,,,,,,,,,,,,,,,,
GETTTEAVDAATAEK,,1239,Bacillota,phylum,2,Bacteria,,,1783272,Bacillati,,,,,1239,Bacillota,,,,,,,,,,,,,,,,,,,,,,,,,,,,,,,,,,,,,,,,,,,,
NLTSQMVEYGQVK,,2,Bacteria,domain,2,Bacteria,,,,,,,,,,,,,,,,,,,,,,,,,,,,,,,,,,,,,,,,,,,,,,,,,,,,,,
KEDFLLDTLELR,,173247,Echeneis naucrates,species,2759,Eukaryota,,,33208,Metazoa,,,,,7711,Chordata,89593,Craniata,7898,Actinopterygii,186623,Actinopteri,41665,Neopterygii,,,1489907,Carangiformes,,,,,,,173245,Echeneidae,,,,,,,173246,Echeneis,,,,,,,173247,Echeneis naucrates,,,,,,,,
AEAGLTGTWYNQLG,,1883,Streptomyces,genus,2,Bacteria,,,1783272,Bacillati,,,,,201174,Actinomycetota,,,,,1760,Actinomycetes,,,,,85011,Kitasatosporales,,,,,,,2062,Streptomycetaceae,,,,,,,1883,Streptomyces,,,,,,,,,,,,,,,,
AVGVTYDGHTALTR,,286,Pseudomonas,genus,2,Bacteria,,,3379134,Pseudomonadati,,,,,1224,Pseudomonadota,,,,,1236,Gammaproteobacteria,,,,,72274,Pseudomonadales,,,,,,,135621,Pseudomonadaceae,,,,,,,286,Pseudomonas,,,,,,,,,,,,,,,,
NLTSQMVEYGQVK,,2,Bacteria,domain,2,Bacteria,,,,,,,,,,,,,,,,,,,,,,,,,,,,,,,,,,,,,,,,,,,,,,,,,,,,,,
NLTSQMVEYGQVK,,2,Bacteria,domain,2,Bacteria,,,,,,,,,,,,,,,,,,,,,,,,,,,,,,,,,,,,,,,,,,,,,,,,,,,,,,
NLTSQMVEYGQVK,,2,Bacteria,domain,2,Bacteria,,,,,,,,,,,,,,,,,,,,,,,,,,,,,,,,,,,,,,,,,,,,,,,,,,,,,,
GLPLPVVLTVYADR,,1,root,no rank,,,,,,,,,,,,,,,,,,,,,,,,,,,,,,,,,,,,,,,,,,,,,,,,,,,,,,,,
KTPSYVAFTDTER,,3398,Magnoliopsida,class,2759,Eukaryota,,,33090,Viridiplantae,,,,,35493,Streptophyta,131221,Streptophytina,,,3398,Magnoliopsida,,,,,,,,,,,,,,,,,,,,,,,,,,,,,,,,,,,,,,
KTPSYVAFTDTER,,3398,Magnoliopsida,class,2759,Eukaryota,,,33090,Viridiplantae,,,,,35493,Streptophyta,131221,Streptophytina,,,3398,Magnoliopsida,,,,,,,,,,,,,,,,,,,,,,,,,,,,,,,,,,,,,,
AELSMLEGAVLDLR,,1,root,no rank,,,,,,,,,,,,,,,,,,,,,,,,,,,,,,,,,,,,,,,,,,,,,,,,,,,,,,,,
KTPSYVAFTDTER,,3398,Magnoliopsida,class,2759,Eukaryota,,,33090,Viridiplantae,,,,,35493,Streptophyta,131221,Streptophytina,,,3398,Magnoliopsida,,,,,,,,,,,,,,,,,,,,,,,,,,,,,,,,,,,,,,
KTPSYVAFTDTER,,3398,Magnoliopsida,class,2759,Eukaryota,,,33090,Viridiplantae,,,,,35493,Streptophyta,131221,Streptophytina,,,3398,Magnoliopsida,,,,,,,,,,,,,,,,,,,,,,,,,,,,,,,,,,,,,,
KTPSYVAFTDTER,,3398,Magnoliopsida,class,2759,Eukaryota,,,33090,Viridiplantae,,,,,35493,Streptophyta,131221,Streptophytina,,,3398,Magnoliopsida,,,,,,,,,,,,,,,,,,,,,,,,,,,,,,,,,,,,,,
SSTGNLVEWFLLR,,2157,Archaea,domain,2157,Archaea,,,,,,,,,,,,,,,,,,,,,,,,,,,,,,,,,,,,,,,,,,,,,,,,,,,,,,
ATPVELDFSQVEKA,,2,Bacteria,domain,2,Bacteria,,,,,,,,,,,,,,,,,,,,,,,,,,,,,,,,,,,,,,,,,,,,,,,,,,,,,,
GFSLDLWAMPVQR,,1236,Gammaproteobacteria,class,2,Bacteria,,,3379134,Pseudomonadati,,,,,1224,Pseudomonadota,,,,,1236,Gammaproteobacteria,,,,,,,,,,,,,,,,,,,,,,,,,,,,,,,,,,,,,,
SGLLTVAGDGSYQLR,,286,Pseudomonas,genus,2,Bacteria,,,3379134,Pseudomonadati,,,,,1224,Pseudomonadota,,,,,1236,Gammaproteobacteria,,,,,72274,Pseudomonadales,,,,,,,135621,Pseudomonadaceae,,,,,,,286,Pseudomonas,,,,,,,,,,,,,,,,
DLNELAEQNLLLR,,543,Enterobacteriaceae,family,2,Bacteria,,,3379134,Pseudomonadati,,,,,1224,Pseudomonadota,,,,,1236,Gammaproteobacteria,,,,,91347,Enterobacterales,,,,,,,543,Enterobacteriaceae,,,,,,,,,,,,,,,,,,,,,,,,
TQSLVYPFPGPLPN,,27592,Bovinae,subfamily,2759,Eukaryota,,,33208,Metazoa,,,,,7711,Chordata,89593,Craniata,8287,Sarcopterygii,40674,Mammalia,,,314145,Laurasiatheria,91561,Artiodactyla,9845,Ruminantia,35500,Pecora,,,9895,Bovidae,27592,Bovinae,,,,,,,,,,,,,,,,,,,,,,
KWHHTFYNELR,,85439,Delphinium grandiflorum,species,2759,Eukaryota,,,33090,Viridiplantae,,,,,35493,Streptophyta,131221,Streptophytina,,,3398,Magnoliopsida,,,,,41768,Ranunculales,,,,,,,3440,Ranunculaceae,1463138,Ranunculoideae,1463140,Delphinieae,,,46246,Delphinium,,,,,,,85439,Delphinium grandiflorum,,,,,,,,
KWHHTFYNELR,,85439,Delphinium grandiflorum,species,2759,Eukaryota,,,33090,Viridiplantae,,,,,35493,Streptophyta,131221,Streptophytina,,,3398,Magnoliopsida,,,,,41768,Ranunculales,,,,,,,3440,Ranunculaceae,1463138,Ranunculoideae,1463140,Delphinieae,,,46246,Delphinium,,,,,,,85439,Delphinium grandiflorum,,,,,,,,
QSVTVLTGGANLLHR,,286,Pseudomonas,genus,2,Bacteria,,,3379134,Pseudomonadati,,,,,1224,Pseudomonadota,,,,,1236,Gammaproteobacteria,,,,,72274,Pseudomonadales,,,,,,,135621,Pseudomonadaceae,,,,,,,286,Pseudomonas,,,,,,,,,,,,,,,,
QSVTVLTGGANLLHR,,286,Pseudomonas,genus,2,Bacteria,,,3379134,Pseudomonadati,,,,,1224,Pseudomonadota,,,,,1236,Gammaproteobacteria,,,,,72274,Pseudomonadales,,,,,,,135621,Pseudomonadaceae,,,,,,,286,Pseudomonas,,,,,,,,,,,,,,,,
QSVTVLTGGANLLHR,,286,Pseudomonas,genus,2,Bacteria,,,3379134,Pseudomonadati,,,,,1224,Pseudomonadota,,,,,1236,Gammaproteobacteria,,,,,72274,Pseudomonadales,,,,,,,135621,Pseudomonadaceae,,,,,,,286,Pseudomonas,,,,,,,,,,,,,,,,
ATTWSGQYVGGAEAR,,1883,Streptomyces,genus,2,Bacteria,,,1783272,Bacillati,,,,,201174,Actinomycetota,,,,,1760,Actinomycetes,,,,,85011,Kitasatosporales,,,,,,,2062,Streptomycetaceae,,,,,,,1883,Streptomyces,,,,,,,,,,,,,,,,
ATTWSGQYVGGAEAR,,1883,Streptomyces,genus,2,Bacteria,,,1783272,Bacillati,,,,,201174,Actinomycetota,,,,,1760,Actinomycetes,,,,,85011,Kitasatosporales,,,,,,,2062,Streptomycetaceae,,,,,,,1883,Streptomyces,,,,,,,,,,,,,,,,
DNAEGQGESLADQAR,,2759,Eukaryota,domain,2759,Eukaryota,,,,,,,,,,,,,,,,,,,,,,,,,,,,,,,,,,,,,,,,,,,,,,,,,,,,,,
DNAEGQGESLADQAR,,2759,Eukaryota,domain,2759,Eukaryota,,,,,,,,,,,,,,,,,,,,,,,,,,,,,,,,,,,,,,,,,,,,,,,,,,,,,,
LLLVDPLSFSEER,,7962,Cyprinus carpio,species,2759,Eukaryota,,,33208,Metazoa,,,,,7711,Chordata,89593,Craniata,7898,Actinopterygii,186623,Actinopteri,41665,Neopterygii,186627,Cypriniphysae,7952,Cypriniformes,30727,Cyprinoidei,,,,,7953,Cyprinidae,2743694,Cyprininae,,,,,7961,Cyprinus,,,,,,,7962,Cyprinus carpio,,,,,,,,
LLLVDPLSFSEER,,7962,Cyprinus carpio,species,2759,Eukaryota,,,33208,Metazoa,,,,,7711,Chordata,89593,Craniata,7898,Actinopterygii,186623,Actinopteri,41665,Neopterygii,186627,Cypriniphysae,7952,Cypriniformes,30727,Cyprinoidei,,,,,7953,Cyprinidae,2743694,Cyprininae,,,,,7961,Cyprinus,,,,,,,7962,Cyprinus carpio,,,,,,,,
QSVTVLTGGANLLHR,,286,Pseudomonas,genus,2,Bacteria,,,3379134,Pseudomonadati,,,,,1224,Pseudomonadota,,,,,1236,Gammaproteobacteria,,,,,72274,Pseudomonadales,,,,,,,135621,Pseudomonadaceae,,,,,,,286,Pseudomonas,,,,,,,,,,,,,,,,
VDWWTNTAHYNR,,1844966,Cichlidogyrus casuarinus,species,2759,Eukaryota,,,33208,Metazoa,,,,,6157,Platyhelminthes,,,,,37945,Monogenea,37844,Monopisthocotylea,,,2486284,Dactylogyridea,,,,,,,67522,Ancyrocephalidae,,,,,,,126297,Cichlidogyrus,,,,,,,1844966,Cichlidogyrus casuarinus,,,,,,,,
AAVEEGVVAGGGVALLR,,1,root,no rank,,,,,,,,,,,,,,,,,,,,,,,,,,,,,,,,,,,,,,,,,,,,,,,,,,,,,,,,
AAVEEGVVAGGGVALLR,,1,root,no rank,,,,,,,,,,,,,,,,,,,,,,,,,,,,,,,,,,,,,,,,,,,,,,,,,,,,,,,,
LLMGLADGEVLVDGR,,1,root,no rank,,,,,,,,,,,,,,,,,,,,,,,,,,,,,,,,,,,,,,,,,,,,,,,,,,,,,,,,
LLDNWDTLASTLSK,,89593,Craniata,subphylum,2759,Eukaryota,,,33208,Metazoa,,,,,7711,Chordata,89593,Craniata,,,,,,,,,,,,,,,,,,,,,,,,,,,,,,,,,,,,,,,,,,
GSGLLTVAGDGSYQLR,,286,Pseudomonas,genus,2,Bacteria,,,3379134,Pseudomonadati,,,,,1224,Pseudomonadota,,,,,1236,Gammaproteobacteria,,,,,72274,Pseudomonadales,,,,,,,135621,Pseudomonadaceae,,,,,,,286,Pseudomonas,,,,,,,,,,,,,,,,
TTPSYVAFTPEGER,,1,root,no rank,,,,,,,,,,,,,,,,,,,,,,,,,,,,,,,,,,,,,,,,,,,,,,,,,,,,,,,,
LVSSAASVYAGAGGSGSR,,40674,Mammalia,class,2759,Eukaryota,,,33208,Metazoa,,,,,7711,Chordata,89593,Craniata,8287,Sarcopterygii,40674,Mammalia,,,,,,,,,,,,,,,,,,,,,,,,,,,,,,,,,,,,,,
LVSSAASVYAGAGGSGSR,,40674,Mammalia,class,2759,Eukaryota,,,33208,Metazoa,,,,,7711,Chordata,89593,Craniata,8287,Sarcopterygii,40674,Mammalia,,,,,,,,,,,,,,,,,,,,,,,,,,,,,,,,,,,,,,
LVSSAASVYAGAGGSGSR,,40674,Mammalia,class,2759,Eukaryota,,,33208,Metazoa,,,,,7711,Chordata,89593,Craniata,8287,Sarcopterygii,40674,Mammalia,,,,,,,,,,,,,,,,,,,,,,,,,,,,,,,,,,,,,,
TTPSYVAFTPEGER,,1,root,no rank,,,,,,,,,,,,,,,,,,,,,,,,,,,,,,,,,,,,,,,,,,,,,,,,,,,,,,,,
TTPSYVAFTPEGER,,1,root,no rank,,,,,,,,,,,,,,,,,,,,,,,,,,,,,,,,,,,,,,,,,,,,,,,,,,,,,,,,
TTPSYVAFTPEGER,,1,root,no rank,,,,,,,,,,,,,,,,,,,,,,,,,,,,,,,,,,,,,,,,,,,,,,,,,,,,,,,,
RASFEYLQNEGER,,40157,Lonchura striata,species,2759,Eukaryota,,,33208,Metazoa,,,,,7711,Chordata,89593,Craniata,8287,Sarcopterygii,8782,Aves,,,,,9126,Passeriformes,,,,,175121,Passeroidea,37611,Estrildidae,40155,Estrildinae,,,,,40156,Lonchura,,,,,,,40157,Lonchura striata,,,,,,,,
PLAAAGYDVEKNNSR,,113540,Scleropages formosus,species,2759,Eukaryota,,,33208,Metazoa,,,,,7711,Chordata,89593,Craniata,7898,Actinopterygii,186623,Actinopteri,41665,Neopterygii,,,41712,Osteoglossiformes,,,,,,,27723,Osteoglossidae,,,,,,,27726,Scleropages,,,,,,,113540,Scleropages formosus,,,,,,,,
YLLDGKDNNDLAEK,,543,Enterobacteriaceae,family,2,Bacteria,,,3379134,Pseudomonadati,,,,,1224,Pseudomonadota,,,,,1236,Gammaproteobacteria,,,,,91347,Enterobacterales,,,,,,,543,Enterobacteriaceae,,,,,,,,,,,,,,,,,,,,,,,,
LVLEVQQQLGGGLVR,,1,root,no rank,,,,,,,,,,,,,,,,,,,,,,,,,,,,,,,,,,,,,,,,,,,,,,,,,,,,,,,,
QQSFTLEGLAVGVLR,,2,Bacteria,domain,2,Bacteria,,,,,,,,,,,,,,,,,,,,,,,,,,,,,,,,,,,,,,,,,,,,,,,,,,,,,,
VEGYAEGDLTLYHR,,9995,Marmota monax,species,2759,Eukaryota,,,33208,Metazoa,,,,,7711,Chordata,89593,Craniata,8287,Sarcopterygii,40674,Mammalia,,,314146,Euarchontoglires,9989,Rodentia,33553,Sciuromorpha,,,,,55153,Sciuridae,337726,Xerinae,337730,Marmotini,,,9992,Marmota,,,,,,,9995,Marmota monax,,,,,,,,
SHQLTFADSEFSSK,,1,root,no rank,,,,,,,,,,,,,,,,,,,,,,,,,,,,,,,,,,,,,,,,,,,,,,,,,,,,,,,,
ALTGTYESAVGNAESR,,1883,Streptomyces,genus,2,Bacteria,,,1783272,Bacillati,,,,,201174,Actinomycetota,,,,,1760,Actinomycetes,,,,,85011,Kitasatosporales,,,,,,,2062,Streptomycetaceae,,,,,,,1883,Streptomyces,,,,,,,,,,,,,,,,
ALTGTYESAVGNAESR,,1883,Streptomyces,genus,2,Bacteria,,,1783272,Bacillati,,,,,201174,Actinomycetota,,,,,1760,Actinomycetes,,,,,85011,Kitasatosporales,,,,,,,2062,Streptomycetaceae,,,,,,,1883,Streptomyces,,,,,,,,,,,,,,,,
ALTGTYESAVGNAESR,,1883,Streptomyces,genus,2,Bacteria,,,1783272,Bacillati,,,,,201174,Actinomycetota,,,,,1760,Actinomycetes,,,,,85011,Kitasatosporales,,,,,,,2062,Streptomycetaceae,,,,,,,1883,Streptomyces,,,,,,,,,,,,,,,,
VSEVMGPVEAAPEYR,,10090,Mus musculus,species,2759,Eukaryota,,,33208,Metazoa,,,,,7711,Chordata,89593,Craniata,8287,Sarcopterygii,40674,Mammalia,,,314146,Euarchontoglires,9989,Rodentia,1963758,Myomorpha,,,,,10066,Muridae,39107,Murinae,,,,,10088,Mus,862507,Mus,,,,,10090,Mus musculus,,,,,,,,
PLANGSLGHDLHHPR,,286,Pseudomonas,genus,2,Bacteria,,,3379134,Pseudomonadati,,,,,1224,Pseudomonadota,,,,,1236,Gammaproteobacteria,,,,,72274,Pseudomonadales,,,,,,,135621,Pseudomonadaceae,,,,,,,286,Pseudomonas,,,,,,,,,,,,,,,,
KEMQDNTYPELLR,,1843537,Petrolisthes manimaculis,species,2759,Eukaryota,,,33208,Metazoa,,,,,6656,Arthropoda,6657,Crustacea,2172821,Multicrustacea,6681,Malacostraca,72041,Eumalacostraca,6682,Eucarida,6683,Decapoda,6692,Pleocyemata,6738,Anomura,115588,Galatheoidea,84660,Porcellanidae,,,,,,,84661,Petrolisthes,,,,,,,1843537,Petrolisthes manimaculis,,,,,,,,
VSEVMGPVEAAPEYR,,10090,Mus musculus,species,2759,Eukaryota,,,33208,Metazoa,,,,,7711,Chordata,89593,Craniata,8287,Sarcopterygii,40674,Mammalia,,,314146,Euarchontoglires,9989,Rodentia,1963758,Myomorpha,,,,,10066,Muridae,39107,Murinae,,,,,10088,Mus,862507,Mus,,,,,10090,Mus musculus,,,,,,,,
VSEVMGPVEAAPEYR,,10090,Mus musculus,species,2759,Eukaryota,,,33208,Metazoa,,,,,7711,Chordata,89593,Craniata,8287,Sarcopterygii,40674,Mammalia,,,314146,Euarchontoglires,9989,Rodentia,1963758,Myomorpha,,,,,10066,Muridae,39107,Murinae,,,,,10088,Mus,862507,Mus,,,,,10090,Mus musculus,,,,,,,,
SATTWSGQYVGGAEAR,,1883,Streptomyces,genus,2,Bacteria,,,1783272,Bacillati,,,,,201174,Actinomycetota,,,,,1760,Actinomycetes,,,,,85011,Kitasatosporales,,,,,,,2062,Streptomycetaceae,,,,,,,1883,Streptomyces,,,,,,,,,,,,,,,,
SATTWSGQYVGGAEAR,,1883,Streptomyces,genus,2,Bacteria,,,1783272,Bacillati,,,,,201174,Actinomycetota,,,,,1760,Actinomycetes,,,,,85011,Kitasatosporales,,,,,,,2062,Streptomycetaceae,,,,,,,1883,Streptomyces,,,,,,,,,,,,,,,,
SATTWSGQYVGGAEAR,,1883,Streptomyces,genus,2,Bacteria,,,1783272,Bacillati,,,,,201174,Actinomycetota,,,,,1760,Actinomycetes,,,,,85011,Kitasatosporales,,,,,,,2062,Streptomycetaceae,,,,,,,1883,Streptomyces,,,,,,,,,,,,,,,,
LLENAEGDRTTPSLL,,1236,Gammaproteobacteria,class,2,Bacteria,,,3379134,Pseudomonadati,,,,,1224,Pseudomonadota,,,,,1236,Gammaproteobacteria,,,,,,,,,,,,,,,,,,,,,,,,,,,,,,,,,,,,,,
LQAQYPQEVLTTVR,,543,Enterobacteriaceae,family,2,Bacteria,,,3379134,Pseudomonadati,,,,,1224,Pseudomonadota,,,,,1236,Gammaproteobacteria,,,,,91347,Enterobacterales,,,,,,,543,Enterobacteriaceae,,,,,,,,,,,,,,,,,,,,,,,,
LNTQWLLTSGTTEAN,,1883,Streptomyces,genus,2,Bacteria,,,1783272,Bacillati,,,,,201174,Actinomycetota,,,,,1760,Actinomycetes,,,,,85011,Kitasatosporales,,,,,,,2062,Streptomycetaceae,,,,,,,1883,Streptomyces,,,,,,,,,,,,,,,,
LNTQWLLTSGTTEAN,,1883,Streptomyces,genus,2,Bacteria,,,1783272,Bacillati,,,,,201174,Actinomycetota,,,,,1760,Actinomycetes,,,,,85011,Kitasatosporales,,,,,,,2062,Streptomycetaceae,,,,,,,1883,Streptomyces,,,,,,,,,,,,,,,,
GAPDVFEQFNTAVQK,,2,Bacteria,domain,2,Bacteria,,,,,,,,,,,,,,,,,,,,,,,,,,,,,,,,,,,,,,,,,,,,,,,,,,,,,,
GAPDVFEQFNTAVQK,,2,Bacteria,domain,2,Bacteria,,,,,,,,,,,,,,,,,,,,,,,,,,,,,,,,,,,,,,,,,,,,,,,,,,,,,,
PLANGSLGHDLHHPR,,286,Pseudomonas,genus,2,Bacteria,,,3379134,Pseudomonadati,,,,,1224,Pseudomonadota,,,,,1236,Gammaproteobacteria,,,,,72274,Pseudomonadales,,,,,,,135621,Pseudomonadaceae,,,,,,,286,Pseudomonas,,,,,,,,,,,,,,,,
YSQGNVSAVGVTYDGH,,286,Pseudomonas,genus,2,Bacteria,,,3379134,Pseudomonadati,,,,,1224,Pseudomonadota,,,,,1236,Gammaproteobacteria,,,,,72274,Pseudomonadales,,,,,,,135621,Pseudomonadaceae,,,,,,,286,Pseudomonas,,,,,,,,,,,,,,,,
VLYSTAMESLQGEAR,,9527,Cercopithecidae,family,2759,Eukaryota,,,33208,Metazoa,,,,,7711,Chordata,89593,Craniata,8287,Sarcopterygii,40674,Mammalia,,,314146,Euarchontoglires,9443,Primates,376913,Haplorrhini,314293,Simiiformes,314294,Cercopithecoidea,9527,Cercopithecidae,,,,,,,,,,,,,,,,,,,,,,,,
SATTWSGQYVGGAEAR,,1883,Streptomyces,genus,2,Bacteria,,,1783272,Bacillati,,,,,201174,Actinomycetota,,,,,1760,Actinomycetes,,,,,85011,Kitasatosporales,,,,,,,2062,Streptomycetaceae,,,,,,,1883,Streptomyces,,,,,,,,,,,,,,,,
SATTWSGQYVGGAEAR,,1883,Streptomyces,genus,2,Bacteria,,,1783272,Bacillati,,,,,201174,Actinomycetota,,,,,1760,Actinomycetes,,,,,85011,Kitasatosporales,,,,,,,2062,Streptomycetaceae,,,,,,,1883,Streptomyces,,,,,,,,,,,,,,,,
GELGLMGTELNSELAK,,91347,Enterobacterales,order,2,Bacteria,,,3379134,Pseudomonadati,,,,,1224,Pseudomonadota,,,,,1236,Gammaproteobacteria,,,,,91347,Enterobacterales,,,,,,,,,,,,,,,,,,,,,,,,,,,,,,,,
LNTQWLLTSGTTEAN,,1883,Streptomyces,genus,2,Bacteria,,,1783272,Bacillati,,,,,201174,Actinomycetota,,,,,1760,Actinomycetes,,,,,85011,Kitasatosporales,,,,,,,2062,Streptomycetaceae,,,,,,,1883,Streptomyces,,,,,,,,,,,,,,,,
TVTELNEPLSNEER,,8287,Sarcopterygii,superclass,2759,Eukaryota,,,33208,Metazoa,,,,,7711,Chordata,89593,Craniata,8287,Sarcopterygii,,,,,,,,,,,,,,,,,,,,,,,,,,,,,,,,,,,,,,,,
GELGLMGTELNSELAK,,91347,Enterobacterales,order,2,Bacteria,,,3379134,Pseudomonadati,,,,,1224,Pseudomonadota,,,,,1236,Gammaproteobacteria,,,,,91347,Enterobacterales,,,,,,,,,,,,,,,,,,,,,,,,,,,,,,,,
GELGLMGTELNSELAK,,91347,Enterobacterales,order,2,Bacteria,,,3379134,Pseudomonadati,,,,,1224,Pseudomonadota,,,,,1236,Gammaproteobacteria,,,,,91347,Enterobacterales,,,,,,,,,,,,,,,,,,,,,,,,,,,,,,,,
LGEMWSEQSAKDKK,,9696,Puma concolor,species,2759,Eukaryota,,,33208,Metazoa,,,,,7711,Chordata,89593,Craniata,8287,Sarcopterygii,40674,Mammalia,,,314145,Laurasiatheria,33554,Carnivora,379583,Feliformia,,,,,9681,Felidae,338152,Felinae,,,,,146712,Puma,,,,,,,9696,Puma concolor,,,,,,,,
ALLNSMVLGVTEGFTK,,1,root,no rank,,,,,,,,,,,,,,,,,,,,,,,,,,,,,,,,,,,,,,,,,,,,,,,,,,,,,,,,
SGSGLLTVAGDGSYQLR,,286,Pseudomonas,genus,2,Bacteria,,,3379134,Pseudomonadati,,,,,1224,Pseudomonadota,,,,,1236,Gammaproteobacteria,,,,,72274,Pseudomonadales,,,,,,,135621,Pseudomonadaceae,,,,,,,286,Pseudomonas,,,,,,,,,,,,,,,,
SGSGLLTVAGDGSYQLR,,286,Pseudomonas,genus,2,Bacteria,,,3379134,Pseudomonadati,,,,,1224,Pseudomonadota,,,,,1236,Gammaproteobacteria,,,,,72274,Pseudomonadales,,,,,,,135621,Pseudomonadaceae,,,,,,,286,Pseudomonas,,,,,,,,,,,,,,,,
SGSGLLTVAGDGSYQLR,,286,Pseudomonas,genus,2,Bacteria,,,3379134,Pseudomonadati,,,,,1224,Pseudomonadota,,,,,1236,Gammaproteobacteria,,,,,72274,Pseudomonadales,,,,,,,135621,Pseudomonadaceae,,,,,,,286,Pseudomonas,,,,,,,,,,,,,,,,
GALTGTYESAVGNAESR,,1883,Streptomyces,genus,2,Bacteria,,,1783272,Bacillati,,,,,201174,Actinomycetota,,,,,1760,Actinomycetes,,,,,85011,Kitasatosporales,,,,,,,2062,Streptomycetaceae,,,,,,,1883,Streptomyces,,,,,,,,,,,,,,,,
GALTGTYESAVGNAESR,,1883,Streptomyces,genus,2,Bacteria,,,1783272,Bacillati,,,,,201174,Actinomycetota,,,,,1760,Actinomycetes,,,,,85011,Kitasatosporales,,,,,,,2062,Streptomycetaceae,,,,,,,1883,Streptomyces,,,,,,,,,,,,,,,,
SGSLPDDVLLHFAGAGK,,286,Pseudomonas,genus,2,Bacteria,,,3379134,Pseudomonadati,,,,,1224,Pseudomonadota,,,,,1236,Gammaproteobacteria,,,,,72274,Pseudomonadales,,,,,,,135621,Pseudomonadaceae,,,,,,,286,Pseudomonas,,,,,,,,,,,,,,,,
ALLNSMVLGVTEGFTK,,1,root,no rank,,,,,,,,,,,,,,,,,,,,,,,,,,,,,,,,,,,,,,,,,,,,,,,,,,,,,,,,
FGSEFSPELQASFQK,,27592,Bovinae,subfamily,2759,Eukaryota,,,33208,Metazoa,,,,,7711,Chordata,89593,Craniata,8287,Sarcopterygii,40674,Mammalia,,,314145,Laurasiatheria,91561,Artiodactyla,9845,Ruminantia,35500,Pecora,,,9895,Bovidae,27592,Bovinae,,,,,,,,,,,,,,,,,,,,,,
RWYVVQAFSGFEGR,,2,Bacteria,domain,2,Bacteria,,,,,,,,,,,,,,,,,,,,,,,,,,,,,,,,,,,,,,,,,,,,,,,,,,,,,,
PSFDLVSEVDLQEAR,,1,root,no rank,,,,,,,,,,,,,,,,,,,,,,,,,,,,,,,,,,,,,,,,,,,,,,,,,,,,,,,,
TTGFGMLYDSLDYVK,,40674,Mammalia,class,2759,Eukaryota,,,33208,Metazoa,,,,,7711,Chordata,89593,Craniata,8287,Sarcopterygii,40674,Mammalia,,,,,,,,,,,,,,,,,,,,,,,,,,,,,,,,,,,,,,
TTGFGMLYDSLDYVK,,40674,Mammalia,class,2759,Eukaryota,,,33208,Metazoa,,,,,7711,Chordata,89593,Craniata,8287,Sarcopterygii,40674,Mammalia,,,,,,,,,,,,,,,,,,,,,,,,,,,,,,,,,,,,,,
GGLYGGPSYCGAPTSQR,,1236,Gammaproteobacteria,class,2,Bacteria,,,3379134,Pseudomonadati,,,,,1224,Pseudomonadota,,,,,1236,Gammaproteobacteria,,,,,,,,,,,,,,,,,,,,,,,,,,,,,,,,,,,,,,
AAGAELVGMEDLADQLK,,1,root,no rank,,,,,,,,,,,,,,,,,,,,,,,,,,,,,,,,,,,,,,,,,,,,,,,,,,,,,,,,
SLFVDLEPTVLDEVR,,2759,Eukaryota,domain,2759,Eukaryota,,,,,,,,,,,,,,,,,,,,,,,,,,,,,,,,,,,,,,,,,,,,,,,,,,,,,,
LVTGVTASQALLDEAVR,,1,root,no rank,,,,,,,,,,,,,,,,,,,,,,,,,,,,,,,,,,,,,,,,,,,,,,,,,,,,,,,,
GKDNAEGQGESLADQAR,,2759,Eukaryota,domain,2759,Eukaryota,,,,,,,,,,,,,,,,,,,,,,,,,,,,,,,,,,,,,,,,,,,,,,,,,,,,,,
AAGAELVGMEDLADQLK,,1,root,no rank,,,,,,,,,,,,,,,,,,,,,,,,,,,,,,,,,,,,,,,,,,,,,,,,,,,,,,,,
VAAVDAGMAMAGQSPVLR,,8287,Sarcopterygii,superclass,2759,Eukaryota,,,33208,Metazoa,,,,,7711,Chordata,89593,Craniata,8287,Sarcopterygii,,,,,,,,,,,,,,,,,,,,,,,,,,,,,,,,,,,,,,,,
VAGVNVEPFWPGLFVK,,13616,Monodelphis domestica,species,2759,Eukaryota,,,33208,Metazoa,,,,,7711,Chordata,89593,Craniata,8287,Sarcopterygii,40674,Mammalia,,,,,38605,Didelphimorphia,,,,,,,9265,Didelphidae,126287,Didelphinae,,,,,13615,Monodelphis,,,,,,,13616,Monodelphis domestica,,,,,,,,
NVSAVGVTYDGHTALTR,,286,Pseudomonas,genus,2,Bacteria,,,3379134,Pseudomonadati,,,,,1224,Pseudomonadota,,,,,1236,Gammaproteobacteria,,,,,72274,Pseudomonadales,,,,,,,135621,Pseudomonadaceae,,,,,,,286,Pseudomonas,,,,,,,,,,,,,,,,
NVSAVGVTYDGHTALTR,,286,Pseudomonas,genus,2,Bacteria,,,3379134,Pseudomonadati,,,,,1224,Pseudomonadota,,,,,1236,Gammaproteobacteria,,,,,72274,Pseudomonadales,,,,,,,135621,Pseudomonadaceae,,,,,,,286,Pseudomonas,,,,,,,,,,,,,,,,
ALALNLVDPAAAGTVLEK,,1,root,no rank,,,,,,,,,,,,,,,,,,,,,,,,,,,,,,,,,,,,,,,,,,,,,,,,,,,,,,,,
SSGSGLLTVAGDGSYQLR,,286,Pseudomonas,genus,2,Bacteria,,,3379134,Pseudomonadati,,,,,1224,Pseudomonadota,,,,,1236,Gammaproteobacteria,,,,,72274,Pseudomonadales,,,,,,,135621,Pseudomonadaceae,,,,,,,286,Pseudomonas,,,,,,,,,,,,,,,,
DYFSDFSGVYSQLSR,,1236,Gammaproteobacteria,class,2,Bacteria,,,3379134,Pseudomonadati,,,,,1224,Pseudomonadota,,,,,1236,Gammaproteobacteria,,,,,,,,,,,,,,,,,,,,,,,,,,,,,,,,,,,,,,
VMGLMNSFVNDLFER,,84645,Labeo rohita,species,2759,Eukaryota,,,33208,Metazoa,,,,,7711,Chordata,89593,Craniata,7898,Actinopterygii,186623,Actinopteri,41665,Neopterygii,186627,Cypriniphysae,7952,Cypriniformes,30727,Cyprinoidei,,,,,7953,Cyprinidae,2743695,Labeoninae,2743697,Labeonini,,,84644,Labeo,,,,,,,84645,Labeo rohita,,,,,,,,
VMGLMNSFVNDLFER,,84645,Labeo rohita,species,2759,Eukaryota,,,33208,Metazoa,,,,,7711,Chordata,89593,Craniata,7898,Actinopterygii,186623,Actinopteri,41665,Neopterygii,186627,Cypriniphysae,7952,Cypriniformes,30727,Cyprinoidei,,,,,7953,Cyprinidae,2743695,Labeoninae,2743697,Labeonini,,,84644,Labeo,,,,,,,84645,Labeo rohita,,,,,,,,
VMGLMNSFVNDLFER,,84645,Labeo rohita,species,2759,Eukaryota,,,33208,Metazoa,,,,,7711,Chordata,89593,Craniata,7898,Actinopterygii,186623,Actinopteri,41665,Neopterygii,186627,Cypriniphysae,7952,Cypriniformes,30727,Cyprinoidei,,,,,7953,Cyprinidae,2743695,Labeoninae,2743697,Labeonini,,,84644,Labeo,,,,,,,84645,Labeo rohita,,,,,,,,
VMGLMNSFVNDLFER,,84645,Labeo rohita,species,2759,Eukaryota,,,33208,Metazoa,,,,,7711,Chordata,89593,Craniata,7898,Actinopterygii,186623,Actinopteri,41665,Neopterygii,186627,Cypriniphysae,7952,Cypriniformes,30727,Cyprinoidei,,,,,7953,Cyprinidae,2743695,Labeoninae,2743697,Labeonini,,,84644,Labeo,,,,,,,84645,Labeo rohita,,,,,,,,
VMGLMNSFVNDLFER,,84645,Labeo rohita,species,2759,Eukaryota,,,33208,Metazoa,,,,,7711,Chordata,89593,Craniata,7898,Actinopterygii,186623,Actinopteri,41665,Neopterygii,186627,Cypriniphysae,7952,Cypriniformes,30727,Cyprinoidei,,,,,7953,Cyprinidae,2743695,Labeoninae,2743697,Labeonini,,,84644,Labeo,,,,,,,84645,Labeo rohita,,,,,,,,
VMGLMNSFVNDLFER,,84645,Labeo rohita,species,2759,Eukaryota,,,33208,Metazoa,,,,,7711,Chordata,89593,Craniata,7898,Actinopterygii,186623,Actinopteri,41665,Neopterygii,186627,Cypriniphysae,7952,Cypriniformes,30727,Cyprinoidei,,,,,7953,Cyprinidae,2743695,Labeoninae,2743697,Labeonini,,,84644,Labeo,,,,,,,84645,Labeo rohita,,,,,,,,
VMGLMNSFVNDLFER,,84645,Labeo rohita,species,2759,Eukaryota,,,33208,Metazoa,,,,,7711,Chordata,89593,Craniata,7898,Actinopterygii,186623,Actinopteri,41665,Neopterygii,186627,Cypriniphysae,7952,Cypriniformes,30727,Cyprinoidei,,,,,7953,Cyprinidae,2743695,Labeoninae,2743697,Labeonini,,,84644,Labeo,,,,,,,84645,Labeo rohita,,,,,,,,
LVQQQAALLMQQEER,,33550,Hystricomorpha,suborder,2759,Eukaryota,,,33208,Metazoa,,,,,7711,Chordata,89593,Craniata,8287,Sarcopterygii,40674,Mammalia,,,314146,Euarchontoglires,9989,Rodentia,33550,Hystricomorpha,,,,,,,,,,,,,,,,,,,,,,,,,,,,,,
VLPVEEENPDFWNR,,314293,Simiiformes,infraorder,2759,Eukaryota,,,33208,Metazoa,,,,,7711,Chordata,89593,Craniata,8287,Sarcopterygii,40674,Mammalia,,,314146,Euarchontoglires,9443,Primates,376913,Haplorrhini,314293,Simiiformes,,,,,,,,,,,,,,,,,,,,,,,,,,,,
VMGLMNSFVNDLFER,,84645,Labeo rohita,species,2759,Eukaryota,,,33208,Metazoa,,,,,7711,Chordata,89593,Craniata,7898,Actinopterygii,186623,Actinopteri,41665,Neopterygii,186627,Cypriniphysae,7952,Cypriniformes,30727,Cyprinoidei,,,,,7953,Cyprinidae,2743695,Labeoninae,2743697,Labeonini,,,84644,Labeo,,,,,,,84645,Labeo rohita,,,,,,,,
VMGLMNSFVNDLFER,,84645,Labeo rohita,species,2759,Eukaryota,,,33208,Metazoa,,,,,7711,Chordata,89593,Craniata,7898,Actinopterygii,186623,Actinopteri,41665,Neopterygii,186627,Cypriniphysae,7952,Cypriniformes,30727,Cyprinoidei,,,,,7953,Cyprinidae,2743695,Labeoninae,2743697,Labeonini,,,84644,Labeo,,,,,,,84645,Labeo rohita,,,,,,,,
ATPLANGSLGHDLHHPR,,286,Pseudomonas,genus,2,Bacteria,,,3379134,Pseudomonadati,,,,,1224,Pseudomonadota,,,,,1236,Gammaproteobacteria,,,,,72274,Pseudomonadales,,,,,,,135621,Pseudomonadaceae,,,,,,,286,Pseudomonas,,,,,,,,,,,,,,,,
VMGLMNSFVNDLFER,,84645,Labeo rohita,species,2759,Eukaryota,,,33208,Metazoa,,,,,7711,Chordata,89593,Craniata,7898,Actinopterygii,186623,Actinopteri,41665,Neopterygii,186627,Cypriniphysae,7952,Cypriniformes,30727,Cyprinoidei,,,,,7953,Cyprinidae,2743695,Labeoninae,2743697,Labeonini,,,84644,Labeo,,,,,,,84645,Labeo rohita,,,,,,,,
LNQSVTVLTGGANLLHR,,286,Pseudomonas,genus,2,Bacteria,,,3379134,Pseudomonadati,,,,,1224,Pseudomonadota,,,,,1236,Gammaproteobacteria,,,,,72274,Pseudomonadales,,,,,,,135621,Pseudomonadaceae,,,,,,,286,Pseudomonas,,,,,,,,,,,,,,,,
DGALTGTYESAVGNAESR,,1883,Streptomyces,genus,2,Bacteria,,,1783272,Bacillati,,,,,201174,Actinomycetota,,,,,1760,Actinomycetes,,,,,85011,Kitasatosporales,,,,,,,2062,Streptomycetaceae,,,,,,,1883,Streptomyces,,,,,,,,,,,,,,,,
VSGGGVPTDEEQATGLER,,9886,Muntiacus reevesi,species,2759,Eukaryota,,,33208,Metazoa,,,,,7711,Chordata,89593,Craniata,8287,Sarcopterygii,40674,Mammalia,,,314145,Laurasiatheria,91561,Artiodactyla,9845,Ruminantia,35500,Pecora,,,9850,Cervidae,34877,Muntiacinae,,,,,9885,Muntiacus,,,,,,,9886,Muntiacus reevesi,,,,,,,,
VMGLMNSFVNDLFER,,84645,Labeo rohita,species,2759,Eukaryota,,,33208,Metazoa,,,,,7711,Chordata,89593,Craniata,7898,Actinopterygii,186623,Actinopteri,41665,Neopterygii,186627,Cypriniphysae,7952,Cypriniformes,30727,Cyprinoidei,,,,,7953,Cyprinidae,2743695,Labeoninae,2743697,Labeonini,,,84644,Labeo,,,,,,,84645,Labeo rohita,,,,,,,,
ASNQGEPVLLDLNADAGK,,543,Enterobacteriaceae,family,2,Bacteria,,,3379134,Pseudomonadati,,,,,1224,Pseudomonadota,,,,,1236,Gammaproteobacteria,,,,,91347,Enterobacterales,,,,,,,543,Enterobacteriaceae,,,,,,,,,,,,,,,,,,,,,,,,
VLGVLTSGGDAQGMNAAVR,,40674,Mammalia,class,2759,Eukaryota,,,33208,Metazoa,,,,,7711,Chordata,89593,Craniata,8287,Sarcopterygii,40674,Mammalia,,,,,,,,,,,,,,,,,,,,,,,,,,,,,,,,,,,,,,
RGELGLMGTELNSELAK,,91347,Enterobacterales,order,2,Bacteria,,,3379134,Pseudomonadati,,,,,1224,Pseudomonadota,,,,,1236,Gammaproteobacteria,,,,,91347,Enterobacterales,,,,,,,,,,,,,,,,,,,,,,,,,,,,,,,,
GNVSAVGVTYDGHTALTR,,286,Pseudomonas,genus,2,Bacteria,,,3379134,Pseudomonadati,,,,,1224,Pseudomonadota,,,,,1236,Gammaproteobacteria,,,,,72274,Pseudomonadales,,,,,,,135621,Pseudomonadaceae,,,,,,,286,Pseudomonas,,,,,,,,,,,,,,,,
GSSGSGLLTVAGDGSYQLR,,286,Pseudomonas,genus,2,Bacteria,,,3379134,Pseudomonadati,,,,,1224,Pseudomonadota,,,,,1236,Gammaproteobacteria,,,,,72274,Pseudomonadales,,,,,,,135621,Pseudomonadaceae,,,,,,,286,Pseudomonas,,,,,,,,,,,,,,,,
GSSGSGLLTVAGDGSYQLR,,286,Pseudomonas,genus,2,Bacteria,,,3379134,Pseudomonadati,,,,,1224,Pseudomonadota,,,,,1236,Gammaproteobacteria,,,,,72274,Pseudomonadales,,,,,,,135621,Pseudomonadaceae,,,,,,,286,Pseudomonas,,,,,,,,,,,,,,,,
SVAAVDAGMAMAGQSPVLR,,10181,Heterocephalus glaber,species,2759,Eukaryota,,,33208,Metazoa,,,,,7711,Chordata,89593,Craniata,8287,Sarcopterygii,40674,Mammalia,,,314146,Euarchontoglires,9989,Rodentia,33550,Hystricomorpha,,,,,10167,Bathyergidae,,,,,,,10180,Heterocephalus,,,,,,,10181,Heterocephalus glaber,,,,,,,,
AEAGLTGTWYNQLGSTF,,1883,Streptomyces,genus,2,Bacteria,,,1783272,Bacillati,,,,,201174,Actinomycetota,,,,,1760,Actinomycetes,,,,,85011,Kitasatosporales,,,,,,,2062,Streptomycetaceae,,,,,,,1883,Streptomyces,,,,,,,,,,,,,,,,
AEAGLTGTWYNQLGSTF,,1883,Streptomyces,genus,2,Bacteria,,,1783272,Bacillati,,,,,201174,Actinomycetota,,,,,1760,Actinomycetes,,,,,85011,Kitasatosporales,,,,,,,2062,Streptomycetaceae,,,,,,,1883,Streptomyces,,,,,,,,,,,,,,,,
GYVVTNNHVVDNATVLK,,543,Enterobacteriaceae,family,2,Bacteria,,,3379134,Pseudomonadati,,,,,1224,Pseudomonadota,,,,,1236,Gammaproteobacteria,,,,,91347,Enterobacterales,,,,,,,543,Enterobacteriaceae,,,,,,,,,,,,,,,,,,,,,,,,
ELVADDATNTVYLSGLGK,,2,Bacteria,domain,2,Bacteria,,,,,,,,,,,,,,,,,,,,,,,,,,,,,,,,,,,,,,,,,,,,,,,,,,,,,,
NDYFSDFSGVYSQLSR,,1236,Gammaproteobacteria,class,2,Bacteria,,,3379134,Pseudomonadati,,,,,1224,Pseudomonadota,,,,,1236,Gammaproteobacteria,,,,,,,,,,,,,,,,,,,,,,,,,,,,,,,,,,,,,,
NDYFSDFSGVYSQLSR,,1236,Gammaproteobacteria,class,2,Bacteria,,,3379134,Pseudomonadati,,,,,1224,Pseudomonadota,,,,,1236,Gammaproteobacteria,,,,,,,,,,,,,,,,,,,,,,,,,,,,,,,,,,,,,,
NDYFSDFSGVYSQLSR,,1236,Gammaproteobacteria,class,2,Bacteria,,,3379134,Pseudomonadati,,,,,1224,Pseudomonadota,,,,,1236,Gammaproteobacteria,,,,,,,,,,,,,,,,,,,,,,,,,,,,,,,,,,,,,,
NDYFSDFSGVYSQLSR,,1236,Gammaproteobacteria,class,2,Bacteria,,,3379134,Pseudomonadati,,,,,1224,Pseudomonadota,,,,,1236,Gammaproteobacteria,,,,,,,,,,,,,,,,,,,,,,,,,,,,,,,,,,,,,,
NDYFSDFSGVYSQLSR,,1236,Gammaproteobacteria,class,2,Bacteria,,,3379134,Pseudomonadati,,,,,1224,Pseudomonadota,,,,,1236,Gammaproteobacteria,,,,,,,,,,,,,,,,,,,,,,,,,,,,,,,,,,,,,,
NDYFSDFSGVYSQLSR,,1236,Gammaproteobacteria,class,2,Bacteria,,,3379134,Pseudomonadati,,,,,1224,Pseudomonadota,,,,,1236,Gammaproteobacteria,,,,,,,,,,,,,,,,,,,,,,,,,,,,,,,,,,,,,,
KVNELQNLTAAEVVVPR,,41665,Neopterygii,subclass,2759,Eukaryota,,,33208,Metazoa,,,,,7711,Chordata,89593,Craniata,7898,Actinopterygii,186623,Actinopteri,41665,Neopterygii,,,,,,,,,,,,,,,,,,,,,,,,,,,,,,,,,,,,
KVNELQNLSSAEVVVPR,,40674,Mammalia,class,2759,Eukaryota,,,33208,Metazoa,,,,,7711,Chordata,89593,Craniata,8287,Sarcopterygii,40674,Mammalia,,,,,,,,,,,,,,,,,,,,,,,,,,,,,,,,,,,,,,
KVNELQNLSSAEVVVPR,,40674,Mammalia,class,2759,Eukaryota,,,33208,Metazoa,,,,,7711,Chordata,89593,Craniata,8287,Sarcopterygii,40674,Mammalia,,,,,,,,,,,,,,,,,,,,,,,,,,,,,,,,,,,,,,
LFLGGLSFETTDDSLRK,,314293,Simiiformes,infraorder,2759,Eukaryota,,,33208,Metazoa,,,,,7711,Chordata,89593,Craniata,8287,Sarcopterygii,40674,Mammalia,,,314146,Euarchontoglires,9443,Primates,376913,Haplorrhini,314293,Simiiformes,,,,,,,,,,,,,,,,,,,,,,,,,,,,
VSEGWEQNGLYEFFR,,88201,Mugilogobius chulae,species,2759,Eukaryota,,,33208,Metazoa,,,,,7711,Chordata,89593,Craniata,7898,Actinopterygii,186623,Actinopteri,41665,Neopterygii,,,1489878,Gobiiformes,8219,Gobioidei,,,,,8220,Gobiidae,497220,Gobionellinae,,,,,88199,Mugilogobius,,,,,,,88201,Mugilogobius chulae,,,,,,,,
LYVGSLYYELGEDTLR,,48883,Geospiza fortis,species,2759,Eukaryota,,,33208,Metazoa,,,,,7711,Chordata,89593,Craniata,8287,Sarcopterygii,8782,Aves,,,,,9126,Passeriformes,,,,,,,400783,Thraupidae,,,,,,,48881,Geospiza,,,,,,,48883,Geospiza fortis,,,,,,,,
LYVGSLYYELGEDTLR,,48883,Geospiza fortis,species,2759,Eukaryota,,,33208,Metazoa,,,,,7711,Chordata,89593,Craniata,8287,Sarcopterygii,8782,Aves,,,,,9126,Passeriformes,,,,,,,400783,Thraupidae,,,,,,,48881,Geospiza,,,,,,,48883,Geospiza fortis,,,,,,,,
VLDYSQMDELALLSLR,,314145,Laurasiatheria,superorder,2759,Eukaryota,,,33208,Metazoa,,,,,7711,Chordata,89593,Craniata,8287,Sarcopterygii,40674,Mammalia,,,314145,Laurasiatheria,,,,,,,,,,,,,,,,,,,,,,,,,,,,,,,,,,
VLDYSQMDELALLSLR,,314145,Laurasiatheria,superorder,2759,Eukaryota,,,33208,Metazoa,,,,,7711,Chordata,89593,Craniata,8287,Sarcopterygii,40674,Mammalia,,,314145,Laurasiatheria,,,,,,,,,,,,,,,,,,,,,,,,,,,,,,,,,,
QLYDTFSAFGVLLQTPK,,10228,Trichoplax adhaerens,species,2759,Eukaryota,,,33208,Metazoa,,,,,10226,Placozoa,,,,,3043701,Uniplacotomia,,,,,3043702,Trichoplacea,,,,,,,2493110,Trichoplacidae,,,,,,,10227,Trichoplax,,,,,,,10228,Trichoplax adhaerens,,,,,,,,
GADGALTGTYESAVGNAESR,,1883,Streptomyces,genus,2,Bacteria,,,1783272,Bacillati,,,,,201174,Actinomycetota,,,,,1760,Actinomycetes,,,,,85011,Kitasatosporales,,,,,,,2062,Streptomycetaceae,,,,,,,1883,Streptomyces,,,,,,,,,,,,,,,,
QGNVSAVGVTYDGHTALTR,,286,Pseudomonas,genus,2,Bacteria,,,3379134,Pseudomonadati,,,,,1224,Pseudomonadota,,,,,1236,Gammaproteobacteria,,,,,72274,Pseudomonadales,,,,,,,135621,Pseudomonadaceae,,,,,,,286,Pseudomonas,,,,,,,,,,,,,,,,
YSQGNVSAVGVTYDGHTAL,,286,Pseudomonas,genus,2,Bacteria,,,3379134,Pseudomonadati,,,,,1224,Pseudomonadota,,,,,1236,Gammaproteobacteria,,,,,72274,Pseudomonadales,,,,,,,135621,Pseudomonadaceae,,,,,,,286,Pseudomonas,,,,,,,,,,,,,,,,
TEQLQLDTAMWDTAQAK,,91347,Enterobacterales,order,2,Bacteria,,,3379134,Pseudomonadati,,,,,1224,Pseudomonadota,,,,,1236,Gammaproteobacteria,,,,,91347,Enterobacterales,,,,,,,,,,,,,,,,,,,,,,,,,,,,,,,,
NAHSATTWSGQYVGGAEAR,,1883,Streptomyces,genus,2,Bacteria,,,1783272,Bacillati,,,,,201174,Actinomycetota,,,,,1760,Actinomycetes,,,,,85011,Kitasatosporales,,,,,,,2062,Streptomycetaceae,,,,,,,1883,Streptomyces,,,,,,,,,,,,,,,,
LGEMWNNTAADDKQPYK,,314146,Euarchontoglires,superorder,2759,Eukaryota,,,33208,Metazoa,,,,,7711,Chordata,89593,Craniata,8287,Sarcopterygii,40674,Mammalia,,,314146,Euarchontoglires,,,,,,,,,,,,,,,,,,,,,,,,,,,,,,,,,,
GGYEDPYYGYDDGYVVR,,55118,Clupeidae,family,2759,Eukaryota,,,33208,Metazoa,,,,,7711,Chordata,89593,Craniata,7898,Actinopterygii,186623,Actinopteri,41665,Neopterygii,,,32446,Clupeiformes,1489460,Clupeoidei,,,,,55118,Clupeidae,,,,,,,,,,,,,,,,,,,,,,,,
LEAAVTQAEQQGEAALADAK,,9963,Caprinae,subfamily,2759,Eukaryota,,,33208,Metazoa,,,,,7711,Chordata,89593,Craniata,8287,Sarcopterygii,40674,Mammalia,,,314145,Laurasiatheria,91561,Artiodactyla,9845,Ruminantia,35500,Pecora,,,9895,Bovidae,9963,Caprinae,,,,,,,,,,,,,,,,,,,,,,
AGDVLTSLNGKPLSSFAALR,,91347,Enterobacterales,order,2,Bacteria,,,3379134,Pseudomonadati,,,,,1224,Pseudomonadota,,,,,1236,Gammaproteobacteria,,,,,91347,Enterobacterales,,,,,,,,,,,,,,,,,,,,,,,,,,,,,,,,
SVSSASSLFSPSSTLFSSSR,,9371,Echinops telfairi,species,2759,Eukaryota,,,33208,Metazoa,,,,,7711,Chordata,89593,Craniata,8287,Sarcopterygii,40674,Mammalia,,,311790,Afrotheria,3466516,Afrosoricida,,,,,,,9369,Tenrecidae,176113,Tenrecinae,,,,,9370,Echinops,,,,,,,9371,Echinops telfairi,,,,,,,,
LNTQWLLTSGTTEANAWK,,1883,Streptomyces,genus,2,Bacteria,,,1783272,Bacillati,,,,,201174,Actinomycetota,,,,,1760,Actinomycetes,,,,,85011,Kitasatosporales,,,,,,,2062,Streptomycetaceae,,,,,,,1883,Streptomyces,,,,,,,,,,,,,,,,
LNTQWLLTSGTTEANAWK,,1883,Streptomyces,genus,2,Bacteria,,,1783272,Bacillati,,,,,201174,Actinomycetota,,,,,1760,Actinomycetes,,,,,85011,Kitasatosporales,,,,,,,2062,Streptomycetaceae,,,,,,,1883,Streptomyces,,,,,,,,,,,,,,,,
FANPNAATSAAGLHFAAPPAR,,136841,Pseudomonas aeruginosa group,species group,2,Bacteria,,,3379134,Pseudomonadati,,,,,1224,Pseudomonadota,,,,,1236,Gammaproteobacteria,,,,,72274,Pseudomonadales,,,,,,,135621,Pseudomonadaceae,,,,,,,286,Pseudomonas,,,136841,Pseudomonas aeruginosa group,,,,,,,,,,,,
LDLNPLGTGPFQLQQYQK,,91347,Enterobacterales,order,2,Bacteria,,,3379134,Pseudomonadati,,,,,1224,Pseudomonadota,,,,,1236,Gammaproteobacteria,,,,,91347,Enterobacterales,,,,,,,,,,,,,,,,,,,,,,,,,,,,,,,,
VLVVLEPLLLDEDYYAR,,2759,Eukaryota,domain,2759,Eukaryota,,,,,,,,,,,,,,,,,,,,,,,,,,,,,,,,,,,,,,,,,,,,,,,,,,,,,,
LNTQWLLTSGTTEANAWK,,1883,Streptomyces,genus,2,Bacteria,,,1783272,Bacillati,,,,,201174,Actinomycetota,,,,,1760,Actinomycetes,,,,,85011,Kitasatosporales,,,,,,,2062,Streptomycetaceae,,,,,,,1883,Streptomyces,,,,,,,,,,,,,,,,
LNTQWLLTSGTTEANAWK,,1883,Streptomyces,genus,2,Bacteria,,,1783272,Bacillati,,,,,201174,Actinomycetota,,,,,1760,Actinomycetes,,,,,85011,Kitasatosporales,,,,,,,2062,Streptomycetaceae,,,,,,,1883,Streptomyces,,,,,,,,,,,,,,,,
YDSAPATDGSGTALGWTVAWK,,1883,Streptomyces,genus,2,Bacteria,,,1783272,Bacillati,,,,,201174,Actinomycetota,,,,,1760,Actinomycetes,,,,,85011,Kitasatosporales,,,,,,,2062,Streptomycetaceae,,,,,,,1883,Streptomyces,,,,,,,,,,,,,,,,
VVEGGSSGSGLLTVAGDGSYQLR,,286,Pseudomonas,genus,2,Bacteria,,,3379134,Pseudomonadati,,,,,1224,Pseudomonadota,,,,,1236,Gammaproteobacteria,,,,,72274,Pseudomonadales,,,,,,,135621,Pseudomonadaceae,,,,,,,286,Pseudomonas,,,,,,,,,,,,,,,,
TATPELDLATLEWLDTPDGR,,136841,Pseudomonas aeruginosa group,species group,2,Bacteria,,,3379134,Pseudomonadati,,,,,1224,Pseudomonadota,,,,,1236,Gammaproteobacteria,,,,,72274,Pseudomonadales,,,,,,,135621,Pseudomonadaceae,,,,,,,286,Pseudomonas,,,136841,Pseudomonas aeruginosa group,,,,,,,,,,,,
YSQGNVSAVGVTYDGHTALTR,,286,Pseudomonas,genus,2,Bacteria,,,3379134,Pseudomonadati,,,,,1224,Pseudomonadota,,,,,1236,Gammaproteobacteria,,,,,72274,Pseudomonadales,,,,,,,135621,Pseudomonadaceae,,,,,,,286,Pseudomonas,,,,,,,,,,,,,,,,
SGLNAENYENFLQTDAALNR,,1236,Gammaproteobacteria,class,2,Bacteria,,,3379134,Pseudomonadati,,,,,1224,Pseudomonadota,,,,,1236,Gammaproteobacteria,,,,,,,,,,,,,,,,,,,,,,,,,,,,,,,,,,,,,,
SGLNAENYENFLQTDAALNR,,1236,Gammaproteobacteria,class,2,Bacteria,,,3379134,Pseudomonadati,,,,,1224,Pseudomonadota,,,,,1236,Gammaproteobacteria,,,,,,,,,,,,,,,,,,,,,,,,,,,,,,,,,,,,,,
SGLNAENYENFLQTDAALNR,,1236,Gammaproteobacteria,class,2,Bacteria,,,3379134,Pseudomonadati,,,,,1224,Pseudomonadota,,,,,1236,Gammaproteobacteria,,,,,,,,,,,,,,,,,,,,,,,,,,,,,,,,,,,,,,
VNDGPFADFNGVVEEVDYEK,,1,root,no rank,,,,,,,,,,,,,,,,,,,,,,,,,,,,,,,,,,,,,,,,,,,,,,,,,,,,,,,,
LVTAGADGALTGTYESAVGNAESR,,1883,Streptomyces,genus,2,Bacteria,,,1783272,Bacillati,,,,,201174,Actinomycetota,,,,,1760,Actinomycetes,,,,,85011,Kitasatosporales,,,,,,,2062,Streptomycetaceae,,,,,,,1883,Streptomyces,,,,,,,,,,,,,,,,
LVTAGADGALTGTYESAVGNAESR,,1883,Streptomyces,genus,2,Bacteria,,,1783272,Bacillati,,,,,201174,Actinomycetota,,,,,1760,Actinomycetes,,,,,85011,Kitasatosporales,,,,,,,2062,Streptomycetaceae,,,,,,,1883,Streptomyces,,,,,,,,,,,,,,,,
KTGLVMDSGDGVTHTVPLYEGY,,386267,Staurois parvus,species,2759,Eukaryota,,,33208,Metazoa,,,,,7711,Chordata,89593,Craniata,8287,Sarcopterygii,8292,Amphibia,,,41666,Batrachia,8342,Anura,8416,Neobatrachia,,,30352,Ranoidea,8397,Ranidae,,,,,,,240405,Staurois,,,,,,,386267,Staurois parvus,,,,,,,,
LHNMEDLFGEVMVPTEEVVELR,,1,root,no rank,,,,,,,,,,,,,,,,,,,,,,,,,,,,,,,,,,,,,,,,,,,,,,,,,,,,,,,,
MDPSNWSSFLFQGHAQNPLQVGAELQSR,,314146,Euarchontoglires,superorder,2759,Eukaryota,,,33208,Metazoa,,,,,7711,Chordata,89593,Craniata,8287,Sarcopterygii,40674,Mammalia,,,314146,Euarchontoglires,,,,,,,,,,,,,,,,,,,,,,,,,,,,,,,,,,
GATVLPHGTGR,,1,root,no rank,,,,,,,,,,,,,,,,,,,,,,,,,,,,,,,,,,,,,,,,,,,,,,,,,,,,,,,,
LALLHDGLAR,,2759,Eukaryota,domain,2759,Eukaryota,,,,,,,,,,,,,,,,,,,,,,,,,,,,,,,,,,,,,,,,,,,,,,,,,,,,,,
APDDAPEHLK,,356,Hyphomicrobiales,order,2,Bacteria,,,3379134,Pseudomonadati,,,,,1224,Pseudomonadota,,,,,28211,Alphaproteobacteria,,,,,356,Hyphomicrobiales,,,,,,,,,,,,,,,,,,,,,,,,,,,,,,,,
KALLHDGLAR,,2759,Eukaryota,domain,2759,Eukaryota,,,,,,,,,,,,,,,,,,,,,,,,,,,,,,,,,,,,,,,,,,,,,,,,,,,,,,
AALVDHDNLK,,1,root,no rank,,,,,,,,,,,,,,,,,,,,,,,,,,,,,,,,,,,,,,,,,,,,,,,,,,,,,,,,
PPLPPLPVHR,,2759,Eukaryota,domain,2759,Eukaryota,,,,,,,,,,,,,,,,,,,,,,,,,,,,,,,,,,,,,,,,,,,,,,,,,,,,,,
KLAQQLSALR,,1,root,no rank,,,,,,,,,,,,,,,,,,,,,,,,,,,,,,,,,,,,,,,,,,,,,,,,,,,,,,,,
GLSVAEHQER,,46204,Actinocorallia aurantiaca,species,2,Bacteria,,,1783272,Bacillati,,,,,201174,Actinomycetota,,,,,1760,Actinomycetes,,,,,85012,Streptosporangiales,,,,,,,2012,Thermomonosporaceae,,,,,,,58108,Actinocorallia,,,,,,,46204,Actinocorallia aurantiaca,,,,,,,,
GLSVAEHQER,,46204,Actinocorallia aurantiaca,species,2,Bacteria,,,1783272,Bacillati,,,,,201174,Actinomycetota,,,,,1760,Actinomycetes,,,,,85012,Streptosporangiales,,,,,,,2012,Thermomonosporaceae,,,,,,,58108,Actinocorallia,,,,,,,46204,Actinocorallia aurantiaca,,,,,,,,
LLAFAHDSTR,,121402,Albula glossodonta,species,2759,Eukaryota,,,33208,Metazoa,,,,,7711,Chordata,89593,Craniata,7898,Actinopterygii,186623,Actinopteri,41665,Neopterygii,,,54906,Albuliformes,,,,,,,54907,Albulidae,121282,Albulinae,,,,,54908,Albula,,,,,,,121402,Albula glossodonta,,,,,,,,
KLAFAHDSTR,,9126,Passeriformes,order,2759,Eukaryota,,,33208,Metazoa,,,,,7711,Chordata,89593,Craniata,8287,Sarcopterygii,8782,Aves,,,,,9126,Passeriformes,,,,,,,,,,,,,,,,,,,,,,,,,,,,,,,,
RRPPLLAAVR,,311494,Alexandrium monilatum,species,2759,Eukaryota,,,,,,,,,,,,,,,2864,Dinophyceae,,,,,40984,Gonyaulacales,,,,,,,1573500,Pyrocystaceae,,,,,,,2924,Alexandrium,,,,,,,311494,Alexandrium monilatum,,,,,,,,
LNRPPLSLSR,,1,root,no rank,,,,,,,,,,,,,,,,,,,,,,,,,,,,,,,,,,,,,,,,,,,,,,,,,,,,,,,,
LNRPPLSLSR,,1,root,no rank,,,,,,,,,,,,,,,,,,,,,,,,,,,,,,,,,,,,,,,,,,,,,,,,,,,,,,,,
LNRPPLSLSR,,1,root,no rank,,,,,,,,,,,,,,,,,,,,,,,,,,,,,,,,,,,,,,,,,,,,,,,,,,,,,,,,
TTAASLRLER,,3379134,Pseudomonadati,kingdom,2,Bacteria,,,3379134,Pseudomonadati,,,,,,,,,,,,,,,,,,,,,,,,,,,,,,,,,,,,,,,,,,,,,,,,,,
VQHPNLVTVR,,7496,Pterygota,subclass,2759,Eukaryota,,,33208,Metazoa,,,,,6656,Arthropoda,6960,Hexapoda,,,50557,Insecta,7496,Pterygota,,,,,,,,,,,,,,,,,,,,,,,,,,,,,,,,,,,,
TTAASLRLER,,3379134,Pseudomonadati,kingdom,2,Bacteria,,,3379134,Pseudomonadati,,,,,,,,,,,,,,,,,,,,,,,,,,,,,,,,,,,,,,,,,,,,,,,,,,
VQHPNLVTVR,,7496,Pterygota,subclass,2759,Eukaryota,,,33208,Metazoa,,,,,6656,Arthropoda,6960,Hexapoda,,,50557,Insecta,7496,Pterygota,,,,,,,,,,,,,,,,,,,,,,,,,,,,,,,,,,,,
SYSDRDGYGR,,8287,Sarcopterygii,superclass,2759,Eukaryota,,,33208,Metazoa,,,,,7711,Chordata,89593,Craniata,8287,Sarcopterygii,,,,,,,,,,,,,,,,,,,,,,,,,,,,,,,,,,,,,,,,
EALQSLDKDR,,356,Hyphomicrobiales,order,2,Bacteria,,,3379134,Pseudomonadati,,,,,1224,Pseudomonadota,,,,,28211,Alphaproteobacteria,,,,,356,Hyphomicrobiales,,,,,,,,,,,,,,,,,,,,,,,,,,,,,,,,
VYSDRDGYGR,,51298,Myotis myotis,species,2759,Eukaryota,,,33208,Metazoa,,,,,7711,Chordata,89593,Craniata,8287,Sarcopterygii,40674,Mammalia,,,314145,Laurasiatheria,9397,Chiroptera,30560,Yangochiroptera,,,,,9431,Vespertilionidae,,,,,,,9434,Myotis,,,,,,,51298,Myotis myotis,,,,,,,,
PLRLELQGPR,,885580,Fukomys damarensis,species,2759,Eukaryota,,,33208,Metazoa,,,,,7711,Chordata,89593,Craniata,8287,Sarcopterygii,40674,Mammalia,,,314146,Euarchontoglires,9989,Rodentia,33550,Hystricomorpha,,,,,10167,Bathyergidae,,,,,,,423606,Fukomys,,,,,,,885580,Fukomys damarensis,,,,,,,,
PLRLELQGPR,,885580,Fukomys damarensis,species,2759,Eukaryota,,,33208,Metazoa,,,,,7711,Chordata,89593,Craniata,8287,Sarcopterygii,40674,Mammalia,,,314146,Euarchontoglires,9989,Rodentia,33550,Hystricomorpha,,,,,10167,Bathyergidae,,,,,,,423606,Fukomys,,,,,,,885580,Fukomys damarensis,,,,,,,,
VLRLELQGPR,,314293,Simiiformes,infraorder,2759,Eukaryota,,,33208,Metazoa,,,,,7711,Chordata,89593,Craniata,8287,Sarcopterygii,40674,Mammalia,,,314146,Euarchontoglires,9443,Primates,376913,Haplorrhini,314293,Simiiformes,,,,,,,,,,,,,,,,,,,,,,,,,,,,
VLRLELQGPR,,314293,Simiiformes,infraorder,2759,Eukaryota,,,33208,Metazoa,,,,,7711,Chordata,89593,Craniata,8287,Sarcopterygii,40674,Mammalia,,,314146,Euarchontoglires,9443,Primates,376913,Haplorrhini,314293,Simiiformes,,,,,,,,,,,,,,,,,,,,,,,,,,,,
RLLQALEGLR,,1224,Pseudomonadota,phylum,2,Bacteria,,,3379134,Pseudomonadati,,,,,1224,Pseudomonadota,,,,,,,,,,,,,,,,,,,,,,,,,,,,,,,,,,,,,,,,,,,,
VLRLELQGPR,,314293,Simiiformes,infraorder,2759,Eukaryota,,,33208,Metazoa,,,,,7711,Chordata,89593,Craniata,8287,Sarcopterygii,40674,Mammalia,,,314146,Euarchontoglires,9443,Primates,376913,Haplorrhini,314293,Simiiformes,,,,,,,,,,,,,,,,,,,,,,,,,,,,
TRVPDMSAYR,,1,root,no rank,,,,,,,,,,,,,,,,,,,,,,,,,,,,,,,,,,,,,,,,,,,,,,,,,,,,,,,,
LGPYDRPGTAR,,9708,Odobenus rosmarus divergens,subspecies,2759,Eukaryota,,,33208,Metazoa,,,,,7711,Chordata,89593,Craniata,8287,Sarcopterygii,40674,Mammalia,,,314145,Laurasiatheria,33554,Carnivora,379584,Caniformia,,,,,9705,Odobenidae,,,,,,,9706,Odobenus,,,,,,,9707,Odobenus rosmarus,9708,Odobenus rosmarus divergens,,,,,,
STLVGHDTFTK,,1883,Streptomyces,genus,2,Bacteria,,,1783272,Bacillati,,,,,201174,Actinomycetota,,,,,1760,Actinomycetes,,,,,85011,Kitasatosporales,,,,,,,2062,Streptomycetaceae,,,,,,,1883,Streptomyces,,,,,,,,,,,,,,,,
KLREELSLVK,,2759,Eukaryota,domain,2759,Eukaryota,,,,,,,,,,,,,,,,,,,,,,,,,,,,,,,,,,,,,,,,,,,,,,,,,,,,,,
LKALQDEMLR,,3052,Chlamydomonas,genus,2759,Eukaryota,,,33090,Viridiplantae,,,,,3041,Chlorophyta,,,,,3166,Chlorophyceae,,,,,3042,Chlamydomonadales,,,,,,,3051,Chlamydomonadaceae,,,,,,,3052,Chlamydomonas,,,,,,,,,,,,,,,,
LFDVREVLAR,,1236,Gammaproteobacteria,class,2,Bacteria,,,3379134,Pseudomonadati,,,,,1224,Pseudomonadota,,,,,1236,Gammaproteobacteria,,,,,,,,,,,,,,,,,,,,,,,,,,,,,,,,,,,,,,
RPPLPPPPPPR,,1,root,no rank,,,,,,,,,,,,,,,,,,,,,,,,,,,,,,,,,,,,,,,,,,,,,,,,,,,,,,,,
GSLGHDLHHPR,,286,Pseudomonas,genus,2,Bacteria,,,3379134,Pseudomonadati,,,,,1224,Pseudomonadota,,,,,1236,Gammaproteobacteria,,,,,72274,Pseudomonadales,,,,,,,135621,Pseudomonadaceae,,,,,,,286,Pseudomonas,,,,,,,,,,,,,,,,
RPPLPPPPPPR,,1,root,no rank,,,,,,,,,,,,,,,,,,,,,,,,,,,,,,,,,,,,,,,,,,,,,,,,,,,,,,,,
RPPLPPPPPPR,,1,root,no rank,,,,,,,,,,,,,,,,,,,,,,,,,,,,,,,,,,,,,,,,,,,,,,,,,,,,,,,,
RPPLPPPPPPR,,1,root,no rank,,,,,,,,,,,,,,,,,,,,,,,,,,,,,,,,,,,,,,,,,,,,,,,,,,,,,,,,
LQLGLGHSYSR,,2022672,Rhynchospora breviuscula,species,2759,Eukaryota,,,33090,Viridiplantae,,,,,35493,Streptophyta,131221,Streptophytina,,,3398,Magnoliopsida,1437197,Petrosaviidae,,,38820,Poales,,,,,,,4609,Cyperaceae,986140,Cyperoideae,994702,Rhynchosporeae,,,46332,Rhynchospora,,,,,,,2022672,Rhynchospora breviuscula,,,,,,,,
VGLLQDTWHR,,30732,Oryzias melastigma,species,2759,Eukaryota,,,33208,Metazoa,,,,,7711,Chordata,89593,Craniata,7898,Actinopterygii,186623,Actinopteri,41665,Neopterygii,1489913,Atherinomorphae,76071,Beloniformes,28781,Adrianichthyoidei,,,,,47757,Adrianichthyidae,8088,Oryziinae,,,,,8089,Oryzias,,,,,,,30732,Oryzias melastigma,,,,,,,,
GSLGHDLHHPR,,286,Pseudomonas,genus,2,Bacteria,,,3379134,Pseudomonadati,,,,,1224,Pseudomonadota,,,,,1236,Gammaproteobacteria,,,,,72274,Pseudomonadales,,,,,,,135621,Pseudomonadaceae,,,,,,,286,Pseudomonas,,,,,,,,,,,,,,,,
RLTLPPPPPPR,,4530,Oryza sativa,species,2759,Eukaryota,,,33090,Viridiplantae,,,,,35493,Streptophyta,131221,Streptophytina,,,3398,Magnoliopsida,1437197,Petrosaviidae,,,38820,Poales,,,,,,,4479,Poaceae,147367,Oryzoideae,147380,Oryzeae,1648021,Oryzinae,4527,Oryza,,,,,,,4530,Oryza sativa,,,,,,,,
SLFPSLVGRPR,,2759,Eukaryota,domain,2759,Eukaryota,,,,,,,,,,,,,,,,,,,,,,,,,,,,,,,,,,,,,,,,,,,,,,,,,,,,,,
HADNTLTFGPR,,1,root,no rank,,,,,,,,,,,,,,,,,,,,,,,,,,,,,,,,,,,,,,,,,,,,,,,,,,,,,,,,
RDTLLLTLKR,,92696,Steccherinum ochraceum,species,2759,Eukaryota,,,4751,Fungi,451864,Dikarya,,,5204,Basidiomycota,5302,Agaricomycotina,,,155619,Agaricomycetes,,,,,5303,Polyporales,,,,,,,81059,Steccherinaceae,,,,,,,81060,Steccherinum,,,,,,,92696,Steccherinum ochraceum,,,,,,,,
RDTLLLELKK,,564369,Luteibacter anthropi,species,2,Bacteria,,,3379134,Pseudomonadati,,,,,1224,Pseudomonadota,,,,,1236,Gammaproteobacteria,,,,,135614,Lysobacterales,,,,,,,1775411,Rhodanobacteraceae,,,,,,,242605,Luteibacter,,,,,,,564369,Luteibacter anthropi,,,,,,,,
SLFPSLVGRPR,,2759,Eukaryota,domain,2759,Eukaryota,,,,,,,,,,,,,,,,,,,,,,,,,,,,,,,,,,,,,,,,,,,,,,,,,,,,,,
SLFPSLVGRPR,,2759,Eukaryota,domain,2759,Eukaryota,,,,,,,,,,,,,,,,,,,,,,,,,,,,,,,,,,,,,,,,,,,,,,,,,,,,,,
SLFPSLVGRPR,,2759,Eukaryota,domain,2759,Eukaryota,,,,,,,,,,,,,,,,,,,,,,,,,,,,,,,,,,,,,,,,,,,,,,,,,,,,,,
SLFPSLVGRPR,,2759,Eukaryota,domain,2759,Eukaryota,,,,,,,,,,,,,,,,,,,,,,,,,,,,,,,,,,,,,,,,,,,,,,,,,,,,,,
RTLLPPPPPPR,,303371,Tribonema minus,species,2759,Eukaryota,,,,,,,,,,,,,,,2833,Xanthophyceae,,,,,2978,Tribonematales,,,,,,,2979,Tribonemataceae,,,,,,,2980,Tribonema,,,,,,,303371,Tribonema minus,,,,,,,,
RTLLPPPPPPR,,303371,Tribonema minus,species,2759,Eukaryota,,,,,,,,,,,,,,,2833,Xanthophyceae,,,,,2978,Tribonematales,,,,,,,2979,Tribonemataceae,,,,,,,2980,Tribonema,,,,,,,303371,Tribonema minus,,,,,,,,
VTYDGHTALTR,,286,Pseudomonas,genus,2,Bacteria,,,3379134,Pseudomonadati,,,,,1224,Pseudomonadota,,,,,1236,Gammaproteobacteria,,,,,72274,Pseudomonadales,,,,,,,135621,Pseudomonadaceae,,,,,,,286,Pseudomonas,,,,,,,,,,,,,,,,
VTYDGHTALTR,,286,Pseudomonas,genus,2,Bacteria,,,3379134,Pseudomonadati,,,,,1224,Pseudomonadota,,,,,1236,Gammaproteobacteria,,,,,72274,Pseudomonadales,,,,,,,135621,Pseudomonadaceae,,,,,,,286,Pseudomonas,,,,,,,,,,,,,,,,
ASYAQHQQVR,,9721,Cetacea,infraorder,2759,Eukaryota,,,33208,Metazoa,,,,,7711,Chordata,89593,Craniata,8287,Sarcopterygii,40674,Mammalia,,,314145,Laurasiatheria,91561,Artiodactyla,2653789,Whippomorpha,9721,Cetacea,,,,,,,,,,,,,,,,,,,,,,,,,,,,
LQHLHEVLSR,,1,root,no rank,,,,,,,,,,,,,,,,,,,,,,,,,,,,,,,,,,,,,,,,,,,,,,,,,,,,,,,,
LQHLHEVLSR,,1,root,no rank,,,,,,,,,,,,,,,,,,,,,,,,,,,,,,,,,,,,,,,,,,,,,,,,,,,,,,,,
LVFPSLVGRPR,,2759,Eukaryota,domain,2759,Eukaryota,,,,,,,,,,,,,,,,,,,,,,,,,,,,,,,,,,,,,,,,,,,,,,,,,,,,,,
LVFPSLVGRPR,,2759,Eukaryota,domain,2759,Eukaryota,,,,,,,,,,,,,,,,,,,,,,,,,,,,,,,,,,,,,,,,,,,,,,,,,,,,,,
LQHLHEVLSR,,1,root,no rank,,,,,,,,,,,,,,,,,,,,,,,,,,,,,,,,,,,,,,,,,,,,,,,,,,,,,,,,
LQHLHEVLSR,,1,root,no rank,,,,,,,,,,,,,,,,,,,,,,,,,,,,,,,,,,,,,,,,,,,,,,,,,,,,,,,,
GLYVHNDLFR,,5884,Paramecium,genus,2759,Eukaryota,,,,,,,,,5878,Ciliophora,431838,Intramacronucleata,,,6020,Oligohymenophorea,,,,,33825,Peniculida,,,,,,,340080,Parameciidae,,,,,,,5884,Paramecium,,,,,,,,,,,,,,,,
GLYVHNDLFR,,5884,Paramecium,genus,2759,Eukaryota,,,,,,,,,5878,Ciliophora,431838,Intramacronucleata,,,6020,Oligohymenophorea,,,,,33825,Peniculida,,,,,,,340080,Parameciidae,,,,,,,5884,Paramecium,,,,,,,,,,,,,,,,
VKEDLEAQLR,,1764581,Microbaculum marinum,species,2,Bacteria,,,3379134,Pseudomonadati,,,,,1224,Pseudomonadota,,,,,28211,Alphaproteobacteria,,,,,356,Hyphomicrobiales,,,,,,,2844863,Tepidamorphaceae,,,,,,,2185300,Microbaculum,,,,,,,1764581,Microbaculum marinum,,,,,,,,
LVFPSLVGRPR,,2759,Eukaryota,domain,2759,Eukaryota,,,,,,,,,,,,,,,,,,,,,,,,,,,,,,,,,,,,,,,,,,,,,,,,,,,,,,
VRPFAVAAVLR,,2759,Eukaryota,domain,2759,Eukaryota,,,,,,,,,,,,,,,,,,,,,,,,,,,,,,,,,,,,,,,,,,,,,,,,,,,,,,
VLFPSLVGRPR,,2759,Eukaryota,domain,2759,Eukaryota,,,,,,,,,,,,,,,,,,,,,,,,,,,,,,,,,,,,,,,,,,,,,,,,,,,,,,
GLYVHNDLFR,,5884,Paramecium,genus,2759,Eukaryota,,,,,,,,,5878,Ciliophora,431838,Intramacronucleata,,,6020,Oligohymenophorea,,,,,33825,Peniculida,,,,,,,340080,Parameciidae,,,,,,,5884,Paramecium,,,,,,,,,,,,,,,,
HLLEQHQLAR,,1,root,no rank,,,,,,,,,,,,,,,,,,,,,,,,,,,,,,,,,,,,,,,,,,,,,,,,,,,,,,,,
RFNAPSHLRR,,9565,Theropithecus gelada,species,2759,Eukaryota,,,33208,Metazoa,,,,,7711,Chordata,89593,Craniata,8287,Sarcopterygii,40674,Mammalia,,,314146,Euarchontoglires,9443,Primates,376913,Haplorrhini,314293,Simiiformes,314294,Cercopithecoidea,9527,Cercopithecidae,9528,Cercopithecinae,,,,,9564,Theropithecus,,,,,,,9565,Theropithecus gelada,,,,,,,,
LVLSERDLYR,,43455,Cathartes aura,species,2759,Eukaryota,,,33208,Metazoa,,,,,7711,Chordata,89593,Craniata,8287,Sarcopterygii,8782,Aves,,,,,2558200,Accipitriformes,,,,,,,8922,Cathartidae,,,,,,,33611,Cathartes,,,,,,,43455,Cathartes aura,,,,,,,,
LPVLLATDVASR,,1,root,no rank,,,,,,,,,,,,,,,,,,,,,,,,,,,,,,,,,,,,,,,,,,,,,,,,,,,,,,,,
RLSHPANFGPR,,314146,Euarchontoglires,superorder,2759,Eukaryota,,,33208,Metazoa,,,,,7711,Chordata,89593,Craniata,8287,Sarcopterygii,40674,Mammalia,,,314146,Euarchontoglires,,,,,,,,,,,,,,,,,,,,,,,,,,,,,,,,,,
RDTLLLELKR,,286,Pseudomonas,genus,2,Bacteria,,,3379134,Pseudomonadati,,,,,1224,Pseudomonadota,,,,,1236,Gammaproteobacteria,,,,,72274,Pseudomonadales,,,,,,,135621,Pseudomonadaceae,,,,,,,286,Pseudomonas,,,,,,,,,,,,,,,,
RSELLLELKR,,131221,Streptophytina,subphylum,2759,Eukaryota,,,33090,Viridiplantae,,,,,35493,Streptophyta,131221,Streptophytina,,,,,,,,,,,,,,,,,,,,,,,,,,,,,,,,,,,,,,,,,,
RDTLLLELKR,,286,Pseudomonas,genus,2,Bacteria,,,3379134,Pseudomonadati,,,,,1224,Pseudomonadota,,,,,1236,Gammaproteobacteria,,,,,72274,Pseudomonadales,,,,,,,135621,Pseudomonadaceae,,,,,,,286,Pseudomonas,,,,,,,,,,,,,,,,
SRELLLELKR,,6548,Mytilus,genus,2759,Eukaryota,,,33208,Metazoa,,,,,6447,Mollusca,,,,,6544,Bivalvia,2785011,Autobranchia,,,6546,Mytilida,,,,,106220,Mytiloidea,6547,Mytilidae,301959,Mytilinae,,,,,6548,Mytilus,,,,,,,,,,,,,,,,
RDTLLLELKR,,286,Pseudomonas,genus,2,Bacteria,,,3379134,Pseudomonadati,,,,,1224,Pseudomonadota,,,,,1236,Gammaproteobacteria,,,,,72274,Pseudomonadales,,,,,,,135621,Pseudomonadaceae,,,,,,,286,Pseudomonas,,,,,,,,,,,,,,,,
RDTLLLELKR,,286,Pseudomonas,genus,2,Bacteria,,,3379134,Pseudomonadati,,,,,1224,Pseudomonadota,,,,,1236,Gammaproteobacteria,,,,,72274,Pseudomonadales,,,,,,,135621,Pseudomonadaceae,,,,,,,286,Pseudomonas,,,,,,,,,,,,,,,,
KVFPSLVGRPR,,44442,Umbelopsis vinacea,species,2759,Eukaryota,,,4751,Fungi,,,,,1913637,Mucoromycota,451507,Mucoromycotina,,,2212704,Umbelopsidomycetes,,,,,1913639,Umbelopsidales,,,,,,,1403793,Umbelopsidaceae,,,,,,,64561,Umbelopsis,,,,,,,44442,Umbelopsis vinacea,,,,,,,,
YRAEELAEER,,1236,Gammaproteobacteria,class,2,Bacteria,,,3379134,Pseudomonadati,,,,,1224,Pseudomonadota,,,,,1236,Gammaproteobacteria,,,,,,,,,,,,,,,,,,,,,,,,,,,,,,,,,,,,,,
LQQVGDKPRPK,,1,root,no rank,,,,,,,,,,,,,,,,,,,,,,,,,,,,,,,,,,,,,,,,,,,,,,,,,,,,,,,,
LFNAPSHLRR,,7897,Latimeria chalumnae,species,2759,Eukaryota,,,33208,Metazoa,,,,,7711,Chordata,89593,Craniata,8287,Sarcopterygii,,,,,,,7894,Coelacanthiformes,,,,,,,7895,Coelacanthidae,,,,,,,7896,Latimeria,,,,,,,7897,Latimeria chalumnae,,,,,,,,
LFNAPSHLRR,,7897,Latimeria chalumnae,species,2759,Eukaryota,,,33208,Metazoa,,,,,7711,Chordata,89593,Craniata,8287,Sarcopterygii,,,,,,,7894,Coelacanthiformes,,,,,,,7895,Coelacanthidae,,,,,,,7896,Latimeria,,,,,,,7897,Latimeria chalumnae,,,,,,,,
LFNAPSHLRR,,7897,Latimeria chalumnae,species,2759,Eukaryota,,,33208,Metazoa,,,,,7711,Chordata,89593,Craniata,8287,Sarcopterygii,,,,,,,7894,Coelacanthiformes,,,,,,,7895,Coelacanthidae,,,,,,,7896,Latimeria,,,,,,,7897,Latimeria chalumnae,,,,,,,,
LEQVGDKPRPK,,1878942,Candidatus Fukatsuia symbiotica,species,2,Bacteria,,,3379134,Pseudomonadati,,,,,1224,Pseudomonadota,,,,,1236,Gammaproteobacteria,,,,,91347,Enterobacterales,,,,,,,1903411,Yersiniaceae,,,,,,,1927833,Candidatus Fukatsuia,,,,,,,1878942,Candidatus Fukatsuia symbiotica,,,,,,,,
LQQVGDKPRPK,,1,root,no rank,,,,,,,,,,,,,,,,,,,,,,,,,,,,,,,,,,,,,,,,,,,,,,,,,,,,,,,,
GSLGHDLHHPR,,286,Pseudomonas,genus,2,Bacteria,,,3379134,Pseudomonadati,,,,,1224,Pseudomonadota,,,,,1236,Gammaproteobacteria,,,,,72274,Pseudomonadales,,,,,,,135621,Pseudomonadaceae,,,,,,,286,Pseudomonas,,,,,,,,,,,,,,,,
VFHEVVQAFR,,9755,Physeter macrocephalus,species,2759,Eukaryota,,,33208,Metazoa,,,,,7711,Chordata,89593,Craniata,8287,Sarcopterygii,40674,Mammalia,,,314145,Laurasiatheria,91561,Artiodactyla,2653789,Whippomorpha,9721,Cetacea,,,9750,Physeteridae,,,,,,,9753,Physeter,,,,,,,9755,Physeter macrocephalus,,,,,,,,
ARELLLELKR,,1,root,no rank,,,,,,,,,,,,,,,,,,,,,,,,,,,,,,,,,,,,,,,,,,,,,,,,,,,,,,,,
RDTLLLELRR,,33877,Agromyces,genus,2,Bacteria,,,1783272,Bacillati,,,,,201174,Actinomycetota,,,,,1760,Actinomycetes,,,,,85006,Micrococcales,,,,,,,85023,Microbacteriaceae,,,,,,,33877,Agromyces,,,,,,,,,,,,,,,,
RDTLLLELRR,,33877,Agromyces,genus,2,Bacteria,,,1783272,Bacillati,,,,,201174,Actinomycetota,,,,,1760,Actinomycetes,,,,,85006,Micrococcales,,,,,,,85023,Microbacteriaceae,,,,,,,33877,Agromyces,,,,,,,,,,,,,,,,
RDTLLLELRR,,33877,Agromyces,genus,2,Bacteria,,,1783272,Bacillati,,,,,201174,Actinomycetota,,,,,1760,Actinomycetes,,,,,85006,Micrococcales,,,,,,,85023,Microbacteriaceae,,,,,,,33877,Agromyces,,,,,,,,,,,,,,,,
RDTLLLELRR,,33877,Agromyces,genus,2,Bacteria,,,1783272,Bacillati,,,,,201174,Actinomycetota,,,,,1760,Actinomycetes,,,,,85006,Micrococcales,,,,,,,85023,Microbacteriaceae,,,,,,,33877,Agromyces,,,,,,,,,,,,,,,,
VVALNAHTFLR,,79684,Microtus ochrogaster,species,2759,Eukaryota,,,33208,Metazoa,,,,,7711,Chordata,89593,Craniata,8287,Sarcopterygii,40674,Mammalia,,,314146,Euarchontoglires,9989,Rodentia,1963758,Myomorpha,,,,,337677,Cricetidae,39087,Arvicolinae,,,,,10053,Microtus,,,,,,,79684,Microtus ochrogaster,,,,,,,,
RDTLLLELRR,,33877,Agromyces,genus,2,Bacteria,,,1783272,Bacillati,,,,,201174,Actinomycetota,,,,,1760,Actinomycetes,,,,,85006,Micrococcales,,,,,,,85023,Microbacteriaceae,,,,,,,33877,Agromyces,,,,,,,,,,,,,,,,
RDTLLLELRR,,33877,Agromyces,genus,2,Bacteria,,,1783272,Bacillati,,,,,201174,Actinomycetota,,,,,1760,Actinomycetes,,,,,85006,Micrococcales,,,,,,,85023,Microbacteriaceae,,,,,,,33877,Agromyces,,,,,,,,,,,,,,,,
RLHEDEEFAR,,41665,Neopterygii,subclass,2759,Eukaryota,,,33208,Metazoa,,,,,7711,Chordata,89593,Craniata,7898,Actinopterygii,186623,Actinopteri,41665,Neopterygii,,,,,,,,,,,,,,,,,,,,,,,,,,,,,,,,,,,,
RFGYHDTPGPR,,1868482,Carlito syrichta,species,2759,Eukaryota,,,33208,Metazoa,,,,,7711,Chordata,89593,Craniata,8287,Sarcopterygii,40674,Mammalia,,,314146,Euarchontoglires,9443,Primates,376913,Haplorrhini,376912,Tarsiiformes,,,9475,Tarsiidae,,,,,,,1868481,Carlito,,,,,,,1868482,Carlito syrichta,,,,,,,,
RDTLLLELRR,,33877,Agromyces,genus,2,Bacteria,,,1783272,Bacillati,,,,,201174,Actinomycetota,,,,,1760,Actinomycetes,,,,,85006,Micrococcales,,,,,,,85023,Microbacteriaceae,,,,,,,33877,Agromyces,,,,,,,,,,,,,,,,
RETLLLELRR,,82115,Rhizobiaceae,family,2,Bacteria,,,3379134,Pseudomonadati,,,,,1224,Pseudomonadota,,,,,28211,Alphaproteobacteria,,,,,356,Hyphomicrobiales,,,,,,,82115,Rhizobiaceae,,,,,,,,,,,,,,,,,,,,,,,,
TRTLLLELRR,,90975,Acrocarpospora pleiomorpha,species,2,Bacteria,,,1783272,Bacillati,,,,,201174,Actinomycetota,,,,,1760,Actinomycetes,,,,,85012,Streptosporangiales,,,,,,,2004,Streptosporangiaceae,,,,,,,90974,Acrocarpospora,,,,,,,90975,Acrocarpospora pleiomorpha,,,,,,,,
RETLLLELRR,,82115,Rhizobiaceae,family,2,Bacteria,,,3379134,Pseudomonadati,,,,,1224,Pseudomonadota,,,,,28211,Alphaproteobacteria,,,,,356,Hyphomicrobiales,,,,,,,82115,Rhizobiaceae,,,,,,,,,,,,,,,,,,,,,,,,
RFPLSAAGAASLR,,286,Pseudomonas,genus,2,Bacteria,,,3379134,Pseudomonadati,,,,,1224,Pseudomonadota,,,,,1236,Gammaproteobacteria,,,,,72274,Pseudomonadales,,,,,,,135621,Pseudomonadaceae,,,,,,,286,Pseudomonas,,,,,,,,,,,,,,,,
PQRPLPQWLR,,564608,Micromonas pusilla CCMP1545,strain,2759,Eukaryota,,,33090,Viridiplantae,,,,,3041,Chlorophyta,,,,,1035538,Mamiellophyceae,,,,,13792,Mamiellales,,,,,,,41873,Mamiellaceae,,,,,,,38832,Micromonas,,,,,,,38833,Micromonas pusilla,,,564608,Micromonas pusilla CCMP1545,,,,
RNRPLPQWLR,,2759,Eukaryota,domain,2759,Eukaryota,,,,,,,,,,,,,,,,,,,,,,,,,,,,,,,,,,,,,,,,,,,,,,,,,,,,,,
HLQKEDVPSER,,27592,Bovinae,subfamily,2759,Eukaryota,,,33208,Metazoa,,,,,7711,Chordata,89593,Craniata,8287,Sarcopterygii,40674,Mammalia,,,314145,Laurasiatheria,91561,Artiodactyla,9845,Ruminantia,35500,Pecora,,,9895,Bovidae,27592,Bovinae,,,,,,,,,,,,,,,,,,,,,,
ERTLLLELRR,,3062599,Pseudogemmatithrix spongiicola,species,2,Bacteria,,,3379134,Pseudomonadati,,,,,142182,Gemmatimonadota,,,,,219685,Gemmatimonadia,,,,,219686,Gemmatimonadales,,,,,,,219687,Gemmatimonadaceae,,,,,,,3237678,Pseudogemmatithrix,,,,,,,3062599,Pseudogemmatithrix spongiicola,,,,,,,,
RNRPLPQWLR,,2759,Eukaryota,domain,2759,Eukaryota,,,,,,,,,,,,,,,,,,,,,,,,,,,,,,,,,,,,,,,,,,,,,,,,,,,,,,
NGSLGHDLHHPR,,286,Pseudomonas,genus,2,Bacteria,,,3379134,Pseudomonadati,,,,,1224,Pseudomonadota,,,,,1236,Gammaproteobacteria,,,,,72274,Pseudomonadales,,,,,,,135621,Pseudomonadaceae,,,,,,,286,Pseudomonas,,,,,,,,,,,,,,,,
NGSLGHDLHHPR,,286,Pseudomonas,genus,2,Bacteria,,,3379134,Pseudomonadati,,,,,1224,Pseudomonadota,,,,,1236,Gammaproteobacteria,,,,,72274,Pseudomonadales,,,,,,,135621,Pseudomonadaceae,,,,,,,286,Pseudomonas,,,,,,,,,,,,,,,,
VLSGPSGPGHMASR,,59479,Rhinolophus ferrumequinum,species,2759,Eukaryota,,,33208,Metazoa,,,,,7711,Chordata,89593,Craniata,8287,Sarcopterygii,40674,Mammalia,,,314145,Laurasiatheria,9397,Chiroptera,30559,Yinpterochiroptera,,,3136022,Rhinolophoidea,58055,Rhinolophidae,186995,Rhinolophinae,,,,,49442,Rhinolophus,,,,,,,59479,Rhinolophus ferrumequinum,,,,,,,,
KVVFPSLVGRPR,,83373,Galdieria,genus,2759,Eukaryota,,,,,,,,,2763,Rhodophyta,,,,,2797,Bangiophyceae,,,,,3039357,Galdieriales,,,,,,,3039359,Galdieriaceae,,,,,,,83373,Galdieria,,,,,,,,,,,,,,,,
AFLALLGLQHTK,,40674,Mammalia,class,2759,Eukaryota,,,33208,Metazoa,,,,,7711,Chordata,89593,Craniata,8287,Sarcopterygii,40674,Mammalia,,,,,,,,,,,,,,,,,,,,,,,,,,,,,,,,,,,,,,
LDRNLLNELQK,,1,root,no rank,,,,,,,,,,,,,,,,,,,,,,,,,,,,,,,,,,,,,,,,,,,,,,,,,,,,,,,,
TSAAGLHFAAPPAR,,136841,Pseudomonas aeruginosa group,species group,2,Bacteria,,,3379134,Pseudomonadati,,,,,1224,Pseudomonadota,,,,,1236,Gammaproteobacteria,,,,,72274,Pseudomonadales,,,,,,,135621,Pseudomonadaceae,,,,,,,286,Pseudomonas,,,136841,Pseudomonas aeruginosa group,,,,,,,,,,,,
KLNWTVLYRR,,33208,Metazoa,kingdom,2759,Eukaryota,,,33208,Metazoa,,,,,,,,,,,,,,,,,,,,,,,,,,,,,,,,,,,,,,,,,,,,,,,,,,
TSYVGDEAQSKR,,261658,Cavenderia fasciculata,species,2759,Eukaryota,,,,,,,,,2605435,Evosea,,,,,142796,Eumycetozoa,,,,,2058181,Acytosteliales,,,,,,,2058184,Cavenderiaceae,,,,,,,2058187,Cavenderia,,,,,,,261658,Cavenderia fasciculata,,,,,,,,
RRREELEELR,,2759,Eukaryota,domain,2759,Eukaryota,,,,,,,,,,,,,,,,,,,,,,,,,,,,,,,,,,,,,,,,,,,,,,,,,,,,,,
VSNLVHLSNLVR,,41665,Neopterygii,subclass,2759,Eukaryota,,,33208,Metazoa,,,,,7711,Chordata,89593,Craniata,7898,Actinopterygii,186623,Actinopteri,41665,Neopterygii,,,,,,,,,,,,,,,,,,,,,,,,,,,,,,,,,,,,
RLQNAGTEVVEAK,,1,root,no rank,,,,,,,,,,,,,,,,,,,,,,,,,,,,,,,,,,,,,,,,,,,,,,,,,,,,,,,,
RLQNAGTEVVEAK,,1,root,no rank,,,,,,,,,,,,,,,,,,,,,,,,,,,,,,,,,,,,,,,,,,,,,,,,,,,,,,,,
DAKRDTLLLELK,,286,Pseudomonas,genus,2,Bacteria,,,3379134,Pseudomonadati,,,,,1224,Pseudomonadota,,,,,1236,Gammaproteobacteria,,,,,72274,Pseudomonadales,,,,,,,135621,Pseudomonadaceae,,,,,,,286,Pseudomonas,,,,,,,,,,,,,,,,
VVQDLALHMSLR,,40674,Mammalia,class,2759,Eukaryota,,,33208,Metazoa,,,,,7711,Chordata,89593,Craniata,8287,Sarcopterygii,40674,Mammalia,,,,,,,,,,,,,,,,,,,,,,,,,,,,,,,,,,,,,,
KEAAAAAAAAAAAAAVK,,61207,Monilinia vaccinii-corymbosi,species,2759,Eukaryota,,,4751,Fungi,451864,Dikarya,,,4890,Ascomycota,147538,Pezizomycotina,,,147548,Leotiomycetes,,,,,5178,Helotiales,,,,,,,28983,Sclerotiniaceae,,,,,,,38447,Monilinia,,,,,,,61207,Monilinia vaccinii-corymbosi,,,,,,,,
LFNYNHLMPTR,,33208,Metazoa,kingdom,2759,Eukaryota,,,33208,Metazoa,,,,,,,,,,,,,,,,,,,,,,,,,,,,,,,,,,,,,,,,,,,,,,,,,,
SVTVLTGGANLLHR,,286,Pseudomonas,genus,2,Bacteria,,,3379134,Pseudomonadati,,,,,1224,Pseudomonadota,,,,,1236,Gammaproteobacteria,,,,,72274,Pseudomonadales,,,,,,,135621,Pseudomonadaceae,,,,,,,286,Pseudomonas,,,,,,,,,,,,,,,,
AVGVTYDGHTALTR,,286,Pseudomonas,genus,2,Bacteria,,,3379134,Pseudomonadati,,,,,1224,Pseudomonadota,,,,,1236,Gammaproteobacteria,,,,,72274,Pseudomonadales,,,,,,,135621,Pseudomonadaceae,,,,,,,286,Pseudomonas,,,,,,,,,,,,,,,,
MKDTDSEEELRK,,6550,Mytilus edulis,species,2759,Eukaryota,,,33208,Metazoa,,,,,6447,Mollusca,,,,,6544,Bivalvia,2785011,Autobranchia,,,6546,Mytilida,,,,,106220,Mytiloidea,6547,Mytilidae,301959,Mytilinae,,,,,6548,Mytilus,,,,,,,6550,Mytilus edulis,,,,,,,,
VLGGSVLHLVLALR,,33208,Metazoa,kingdom,2759,Eukaryota,,,33208,Metazoa,,,,,,,,,,,,,,,,,,,,,,,,,,,,,,,,,,,,,,,,,,,,,,,,,,
KTLTSRELQTAVR,,2759,Eukaryota,domain,2759,Eukaryota,,,,,,,,,,,,,,,,,,,,,,,,,,,,,,,,,,,,,,,,,,,,,,,,,,,,,,
LQAEAEVASLNRR,,89593,Craniata,subphylum,2759,Eukaryota,,,33208,Metazoa,,,,,7711,Chordata,89593,Craniata,,,,,,,,,,,,,,,,,,,,,,,,,,,,,,,,,,,,,,,,,,
SRDDLQAVMAMVR,,1,root,no rank,,,,,,,,,,,,,,,,,,,,,,,,,,,,,,,,,,,,,,,,,,,,,,,,,,,,,,,,
LAHWVGQGATLSDR,,1,root,no rank,,,,,,,,,,,,,,,,,,,,,,,,,,,,,,,,,,,,,,,,,,,,,,,,,,,,,,,,
YFQHQHQHQHQ,,451864,Dikarya,subkingdom,2759,Eukaryota,,,4751,Fungi,451864,Dikarya,,,,,,,,,,,,,,,,,,,,,,,,,,,,,,,,,,,,,,,,,,,,,,,,
KYKLPDWFLNR,,1411642,Pyramimonas obovata,species,2759,Eukaryota,,,33090,Viridiplantae,,,,,3041,Chlorophyta,,,,,2704063,Pyramimonadophyceae,,,,,38834,Pyramimonadales,,,,,,,2682468,Pyramimonadaceae,,,,,,,36882,Pyramimonas,,,,,,,1411642,Pyramimonas obovata,,,,,,,,
NNAGGHANHSLFWK,,1,root,no rank,,,,,,,,,,,,,,,,,,,,,,,,,,,,,,,,,,,,,,,,,,,,,,,,,,,,,,,,
VDWWTNTAHYNR,,1844966,Cichlidogyrus casuarinus,species,2759,Eukaryota,,,33208,Metazoa,,,,,6157,Platyhelminthes,,,,,37945,Monogenea,37844,Monopisthocotylea,,,2486284,Dactylogyridea,,,,,,,67522,Ancyrocephalidae,,,,,,,126297,Cichlidogyrus,,,,,,,1844966,Cichlidogyrus casuarinus,,,,,,,,
VDWWTNTAHYNR,,1844966,Cichlidogyrus casuarinus,species,2759,Eukaryota,,,33208,Metazoa,,,,,6157,Platyhelminthes,,,,,37945,Monogenea,37844,Monopisthocotylea,,,2486284,Dactylogyridea,,,,,,,67522,Ancyrocephalidae,,,,,,,126297,Cichlidogyrus,,,,,,,1844966,Cichlidogyrus casuarinus,,,,,,,,
VDWWTNTAHYNR,,1844966,Cichlidogyrus casuarinus,species,2759,Eukaryota,,,33208,Metazoa,,,,,6157,Platyhelminthes,,,,,37945,Monogenea,37844,Monopisthocotylea,,,2486284,Dactylogyridea,,,,,,,67522,Ancyrocephalidae,,,,,,,126297,Cichlidogyrus,,,,,,,1844966,Cichlidogyrus casuarinus,,,,,,,,
QSVTVLTGGANLLHR,,286,Pseudomonas,genus,2,Bacteria,,,3379134,Pseudomonadati,,,,,1224,Pseudomonadota,,,,,1236,Gammaproteobacteria,,,,,72274,Pseudomonadales,,,,,,,135621,Pseudomonadaceae,,,,,,,286,Pseudomonas,,,,,,,,,,,,,,,,
VDWWTNTAHYNR,,1844966,Cichlidogyrus casuarinus,species,2759,Eukaryota,,,33208,Metazoa,,,,,6157,Platyhelminthes,,,,,37945,Monogenea,37844,Monopisthocotylea,,,2486284,Dactylogyridea,,,,,,,67522,Ancyrocephalidae,,,,,,,126297,Cichlidogyrus,,,,,,,1844966,Cichlidogyrus casuarinus,,,,,,,,
KWHHTFYNELR,,85439,Delphinium grandiflorum,species,2759,Eukaryota,,,33090,Viridiplantae,,,,,35493,Streptophyta,131221,Streptophytina,,,3398,Magnoliopsida,,,,,41768,Ranunculales,,,,,,,3440,Ranunculaceae,1463138,Ranunculoideae,1463140,Delphinieae,,,46246,Delphinium,,,,,,,85439,Delphinium grandiflorum,,,,,,,,
SHQLTFADSEFSSK,,1,root,no rank,,,,,,,,,,,,,,,,,,,,,,,,,,,,,,,,,,,,,,,,,,,,,,,,,,,,,,,,
EATEEELAHGHVHQ,,662,Vibrio,genus,2,Bacteria,,,3379134,Pseudomonadati,,,,,1224,Pseudomonadota,,,,,1236,Gammaproteobacteria,,,,,135623,Vibrionales,,,,,,,641,Vibrionaceae,,,,,,,662,Vibrio,,,,,,,,,,,,,,,,
ALWHHTFYNELR,,2759,Eukaryota,domain,2759,Eukaryota,,,,,,,,,,,,,,,,,,,,,,,,,,,,,,,,,,,,,,,,,,,,,,,,,,,,,,
LYLEHPQDVPTLR,,2260,Pyrococcus,genus,2157,Archaea,,,3366610,Methanobacteriati,,,,,28890,Methanobacteriota,,,,,183968,Thermococci,,,,,2258,Thermococcales,,,,,,,2259,Thermococcaceae,,,,,,,2260,Pyrococcus,,,,,,,,,,,,,,,,
VEGYAEGDLTLYHR,,9995,Marmota monax,species,2759,Eukaryota,,,33208,Metazoa,,,,,7711,Chordata,89593,Craniata,8287,Sarcopterygii,40674,Mammalia,,,314146,Euarchontoglires,9989,Rodentia,33553,Sciuromorpha,,,,,55153,Sciuridae,337726,Xerinae,337730,Marmotini,,,9992,Marmota,,,,,,,9995,Marmota monax,,,,,,,,
VEGYAEGDLTLYHR,,9995,Marmota monax,species,2759,Eukaryota,,,33208,Metazoa,,,,,7711,Chordata,89593,Craniata,8287,Sarcopterygii,40674,Mammalia,,,314146,Euarchontoglires,9989,Rodentia,33553,Sciuromorpha,,,,,55153,Sciuridae,337726,Xerinae,337730,Marmotini,,,9992,Marmota,,,,,,,9995,Marmota monax,,,,,,,,
VSNLVHLSNLVRPF,,41665,Neopterygii,subclass,2759,Eukaryota,,,33208,Metazoa,,,,,7711,Chordata,89593,Craniata,7898,Actinopterygii,186623,Actinopteri,41665,Neopterygii,,,,,,,,,,,,,,,,,,,,,,,,,,,,,,,,,,,,
VSNLVHLSNLVRPF,,41665,Neopterygii,subclass,2759,Eukaryota,,,33208,Metazoa,,,,,7711,Chordata,89593,Craniata,7898,Actinopterygii,186623,Actinopteri,41665,Neopterygii,,,,,,,,,,,,,,,,,,,,,,,,,,,,,,,,,,,,
GAPDVFEQFNTAVQK,,2,Bacteria,domain,2,Bacteria,,,,,,,,,,,,,,,,,,,,,,,,,,,,,,,,,,,,,,,,,,,,,,,,,,,,,,
LPLDLFLSHDWPR,,2759,Eukaryota,domain,2759,Eukaryota,,,,,,,,,,,,,,,,,,,,,,,,,,,,,,,,,,,,,,,,,,,,,,,,,,,,,,
PAPLSDKEVDALMNR,,1,root,no rank,,,,,,,,,,,,,,,,,,,,,,,,,,,,,,,,,,,,,,,,,,,,,,,,,,,,,,,,
PAPLSDKEVDALMNR,,1,root,no rank,,,,,,,,,,,,,,,,,,,,,,,,,,,,,,,,,,,,,,,,,,,,,,,,,,,,,,,,
VQPPEAGPQGLHDLGR,,9596,Pan,genus,2759,Eukaryota,,,33208,Metazoa,,,,,7711,Chordata,89593,Craniata,8287,Sarcopterygii,40674,Mammalia,,,314146,Euarchontoglires,9443,Primates,376913,Haplorrhini,314293,Simiiformes,314295,Hominoidea,9604,Hominidae,207598,Homininae,,,,,9596,Pan,,,,,,,,,,,,,,,,
SGSGLLTVAGDGSYQLR,,286,Pseudomonas,genus,2,Bacteria,,,3379134,Pseudomonadati,,,,,1224,Pseudomonadota,,,,,1236,Gammaproteobacteria,,,,,72274,Pseudomonadales,,,,,,,135621,Pseudomonadaceae,,,,,,,286,Pseudomonas,,,,,,,,,,,,,,,,
SGSLPDDVLLHFAGAGK,,286,Pseudomonas,genus,2,Bacteria,,,3379134,Pseudomonadati,,,,,1224,Pseudomonadota,,,,,1236,Gammaproteobacteria,,,,,72274,Pseudomonadales,,,,,,,135621,Pseudomonadaceae,,,,,,,286,Pseudomonas,,,,,,,,,,,,,,,,
VTAGDTHLGGEDFDNR,,2759,Eukaryota,domain,2759,Eukaryota,,,,,,,,,,,,,,,,,,,,,,,,,,,,,,,,,,,,,,,,,,,,,,,,,,,,,,
VTAGDTHLGGEDFDNR,,2759,Eukaryota,domain,2759,Eukaryota,,,,,,,,,,,,,,,,,,,,,,,,,,,,,,,,,,,,,,,,,,,,,,,,,,,,,,
VTAGDTHLGGEDFDNR,,2759,Eukaryota,domain,2759,Eukaryota,,,,,,,,,,,,,,,,,,,,,,,,,,,,,,,,,,,,,,,,,,,,,,,,,,,,,,
VTAGDTHLGGEDFDNR,,2759,Eukaryota,domain,2759,Eukaryota,,,,,,,,,,,,,,,,,,,,,,,,,,,,,,,,,,,,,,,,,,,,,,,,,,,,,,
GFHEEPQVLHYDSR,,1,root,no rank,,,,,,,,,,,,,,,,,,,,,,,,,,,,,,,,,,,,,,,,,,,,,,,,,,,,,,,,
VLATHPGLSFYEEPR,,482537,Galeopterus variegatus,species,2759,Eukaryota,,,33208,Metazoa,,,,,7711,Chordata,89593,Craniata,8287,Sarcopterygii,40674,Mammalia,,,314146,Euarchontoglires,30656,Dermoptera,,,,,,,30657,Cynocephalidae,,,,,,,482536,Galeopterus,,,,,,,482537,Galeopterus variegatus,,,,,,,,
VLATHPGLSFYEEPR,,482537,Galeopterus variegatus,species,2759,Eukaryota,,,33208,Metazoa,,,,,7711,Chordata,89593,Craniata,8287,Sarcopterygii,40674,Mammalia,,,314146,Euarchontoglires,30656,Dermoptera,,,,,,,30657,Cynocephalidae,,,,,,,482536,Galeopterus,,,,,,,482537,Galeopterus variegatus,,,,,,,,
VLDVVYNASNNELVR,,2759,Eukaryota,domain,2759,Eukaryota,,,,,,,,,,,,,,,,,,,,,,,,,,,,,,,,,,,,,,,,,,,,,,,,,,,,,,
ASGSHRDVEDEELTR,,89593,Craniata,subphylum,2759,Eukaryota,,,33208,Metazoa,,,,,7711,Chordata,89593,Craniata,,,,,,,,,,,,,,,,,,,,,,,,,,,,,,,,,,,,,,,,,,
ASGSHRDVEDEELTR,,89593,Craniata,subphylum,2759,Eukaryota,,,33208,Metazoa,,,,,7711,Chordata,89593,Craniata,,,,,,,,,,,,,,,,,,,,,,,,,,,,,,,,,,,,,,,,,,
VLDVVYNASNNELVR,,2759,Eukaryota,domain,2759,Eukaryota,,,,,,,,,,,,,,,,,,,,,,,,,,,,,,,,,,,,,,,,,,,,,,,,,,,,,,
VLDVVYNASNNELVR,,2759,Eukaryota,domain,2759,Eukaryota,,,,,,,,,,,,,,,,,,,,,,,,,,,,,,,,,,,,,,,,,,,,,,,,,,,,,,
LTLNTSHVEYDTPTR,,1,root,no rank,,,,,,,,,,,,,,,,,,,,,,,,,,,,,,,,,,,,,,,,,,,,,,,,,,,,,,,,
PLDLERPTYTNLNR,,1,root,no rank,,,,,,,,,,,,,,,,,,,,,,,,,,,,,,,,,,,,,,,,,,,,,,,,,,,,,,,,
ASGSHRDVEDEELTR,,89593,Craniata,subphylum,2759,Eukaryota,,,33208,Metazoa,,,,,7711,Chordata,89593,Craniata,,,,,,,,,,,,,,,,,,,,,,,,,,,,,,,,,,,,,,,,,,
NVSAVGVTYDGHTALTR,,286,Pseudomonas,genus,2,Bacteria,,,3379134,Pseudomonadati,,,,,1224,Pseudomonadota,,,,,1236,Gammaproteobacteria,,,,,72274,Pseudomonadales,,,,,,,135621,Pseudomonadaceae,,,,,,,286,Pseudomonas,,,,,,,,,,,,,,,,
TVPQGETEREYFNR,,40674,Mammalia,class,2759,Eukaryota,,,33208,Metazoa,,,,,7711,Chordata,89593,Craniata,8287,Sarcopterygii,40674,Mammalia,,,,,,,,,,,,,,,,,,,,,,,,,,,,,,,,,,,,,,
VMGLMNSFVNDLFER,,84645,Labeo rohita,species,2759,Eukaryota,,,33208,Metazoa,,,,,7711,Chordata,89593,Craniata,7898,Actinopterygii,186623,Actinopteri,41665,Neopterygii,186627,Cypriniphysae,7952,Cypriniformes,30727,Cyprinoidei,,,,,7953,Cyprinidae,2743695,Labeoninae,2743697,Labeonini,,,84644,Labeo,,,,,,,84645,Labeo rohita,,,,,,,,
HSATTWSGQYVGGAEAR,,1883,Streptomyces,genus,2,Bacteria,,,1783272,Bacillati,,,,,201174,Actinomycetota,,,,,1760,Actinomycetes,,,,,85011,Kitasatosporales,,,,,,,2062,Streptomycetaceae,,,,,,,1883,Streptomyces,,,,,,,,,,,,,,,,
VPYVGVDKDNLAEFSK,,1,root,no rank,,,,,,,,,,,,,,,,,,,,,,,,,,,,,,,,,,,,,,,,,,,,,,,,,,,,,,,,
KYSQGNVSAVGVTYDGH,,286,Pseudomonas,genus,2,Bacteria,,,3379134,Pseudomonadati,,,,,1224,Pseudomonadota,,,,,1236,Gammaproteobacteria,,,,,72274,Pseudomonadales,,,,,,,135621,Pseudomonadaceae,,,,,,,286,Pseudomonas,,,,,,,,,,,,,,,,
VLPVEEENPDFWNR,,314293,Simiiformes,infraorder,2759,Eukaryota,,,33208,Metazoa,,,,,7711,Chordata,89593,Craniata,8287,Sarcopterygii,40674,Mammalia,,,314146,Euarchontoglires,9443,Primates,376913,Haplorrhini,314293,Simiiformes,,,,,,,,,,,,,,,,,,,,,,,,,,,,
VMGLMNSFVNDLFER,,84645,Labeo rohita,species,2759,Eukaryota,,,33208,Metazoa,,,,,7711,Chordata,89593,Craniata,7898,Actinopterygii,186623,Actinopteri,41665,Neopterygii,186627,Cypriniphysae,7952,Cypriniformes,30727,Cyprinoidei,,,,,7953,Cyprinidae,2743695,Labeoninae,2743697,Labeonini,,,84644,Labeo,,,,,,,84645,Labeo rohita,,,,,,,,
SRYDSRPGGYGYGYGR,,40674,Mammalia,class,2759,Eukaryota,,,33208,Metazoa,,,,,7711,Chordata,89593,Craniata,8287,Sarcopterygii,40674,Mammalia,,,,,,,,,,,,,,,,,,,,,,,,,,,,,,,,,,,,,,
AAPLAPKPGTPLQVGVGLK,,286,Pseudomonas,genus,2,Bacteria,,,3379134,Pseudomonadati,,,,,1224,Pseudomonadota,,,,,1236,Gammaproteobacteria,,,,,72274,Pseudomonadales,,,,,,,135621,Pseudomonadaceae,,,,,,,286,Pseudomonas,,,,,,,,,,,,,,,,
RGELGLMGTELNSELAK,,91347,Enterobacterales,order,2,Bacteria,,,3379134,Pseudomonadati,,,,,1224,Pseudomonadota,,,,,1236,Gammaproteobacteria,,,,,91347,Enterobacterales,,,,,,,,,,,,,,,,,,,,,,,,,,,,,,,,
GYVVTNNHVVDNATVLK,,543,Enterobacteriaceae,family,2,Bacteria,,,3379134,Pseudomonadati,,,,,1224,Pseudomonadota,,,,,1236,Gammaproteobacteria,,,,,91347,Enterobacterales,,,,,,,543,Enterobacteriaceae,,,,,,,,,,,,,,,,,,,,,,,,
MNALLLDDHPLALAALR,,543,Enterobacteriaceae,family,2,Bacteria,,,3379134,Pseudomonadati,,,,,1224,Pseudomonadota,,,,,1236,Gammaproteobacteria,,,,,91347,Enterobacterales,,,,,,,543,Enterobacteriaceae,,,,,,,,,,,,,,,,,,,,,,,,
SATPLANGSLGHDLHHPR,,286,Pseudomonas,genus,2,Bacteria,,,3379134,Pseudomonadati,,,,,1224,Pseudomonadota,,,,,1236,Gammaproteobacteria,,,,,72274,Pseudomonadales,,,,,,,135621,Pseudomonadaceae,,,,,,,286,Pseudomonas,,,,,,,,,,,,,,,,
SATPLANGSLGHDLHHPR,,286,Pseudomonas,genus,2,Bacteria,,,3379134,Pseudomonadati,,,,,1224,Pseudomonadota,,,,,1236,Gammaproteobacteria,,,,,72274,Pseudomonadales,,,,,,,135621,Pseudomonadaceae,,,,,,,286,Pseudomonas,,,,,,,,,,,,,,,,
SATPLANGSLGHDLHHPR,,286,Pseudomonas,genus,2,Bacteria,,,3379134,Pseudomonadati,,,,,1224,Pseudomonadota,,,,,1236,Gammaproteobacteria,,,,,72274,Pseudomonadales,,,,,,,135621,Pseudomonadaceae,,,,,,,286,Pseudomonas,,,,,,,,,,,,,,,,
NDYFSDFSGVYSQLSR,,1236,Gammaproteobacteria,class,2,Bacteria,,,3379134,Pseudomonadati,,,,,1224,Pseudomonadota,,,,,1236,Gammaproteobacteria,,,,,,,,,,,,,,,,,,,,,,,,,,,,,,,,,,,,,,
ADGALTGTYESAVGNAESR,,1883,Streptomyces,genus,2,Bacteria,,,1783272,Bacillati,,,,,201174,Actinomycetota,,,,,1760,Actinomycetes,,,,,85011,Kitasatosporales,,,,,,,2062,Streptomycetaceae,,,,,,,1883,Streptomyces,,,,,,,,,,,,,,,,
VGYSQGATQYTQAQQTR,,8782,Aves,class,2759,Eukaryota,,,33208,Metazoa,,,,,7711,Chordata,89593,Craniata,8287,Sarcopterygii,8782,Aves,,,,,,,,,,,,,,,,,,,,,,,,,,,,,,,,,,,,,,
VALANVLKEEGFLEDFK,,1,root,no rank,,,,,,,,,,,,,,,,,,,,,,,,,,,,,,,,,,,,,,,,,,,,,,,,,,,,,,,,
LVQVSAGDSHTAALTDDGR,,1294634,Crocodylia,order,2759,Eukaryota,,,33208,Metazoa,,,,,7711,Chordata,89593,Craniata,8287,Sarcopterygii,,,,,,,1294634,Crocodylia,,,,,,,,,,,,,,,,,,,,,,,,,,,,,,,,
MERLEEQFANLHLVR,,337677,Cricetidae,family,2759,Eukaryota,,,33208,Metazoa,,,,,7711,Chordata,89593,Craniata,8287,Sarcopterygii,40674,Mammalia,,,314146,Euarchontoglires,9989,Rodentia,1963758,Myomorpha,,,,,337677,Cricetidae,,,,,,,,,,,,,,,,,,,,,,,,
MERLEEQFANLHLVR,,337677,Cricetidae,family,2759,Eukaryota,,,33208,Metazoa,,,,,7711,Chordata,89593,Craniata,8287,Sarcopterygii,40674,Mammalia,,,314146,Euarchontoglires,9989,Rodentia,1963758,Myomorpha,,,,,337677,Cricetidae,,,,,,,,,,,,,,,,,,,,,,,,
HQPHQPLPPTVMFPPQS,,27592,Bovinae,subfamily,2759,Eukaryota,,,33208,Metazoa,,,,,7711,Chordata,89593,Craniata,8287,Sarcopterygii,40674,Mammalia,,,314145,Laurasiatheria,91561,Artiodactyla,9845,Ruminantia,35500,Pecora,,,9895,Bovidae,27592,Bovinae,,,,,,,,,,,,,,,,,,,,,,
QGNVSAVGVTYDGHTALTR,,286,Pseudomonas,genus,2,Bacteria,,,3379134,Pseudomonadati,,,,,1224,Pseudomonadota,,,,,1236,Gammaproteobacteria,,,,,72274,Pseudomonadales,,,,,,,135621,Pseudomonadaceae,,,,,,,286,Pseudomonas,,,,,,,,,,,,,,,,
KDAENALVHMGGQWLGGR,,89593,Craniata,subphylum,2759,Eukaryota,,,33208,Metazoa,,,,,7711,Chordata,89593,Craniata,,,,,,,,,,,,,,,,,,,,,,,,,,,,,,,,,,,,,,,,,,
LRNQGGYGGSSSSSSYGSGR,,40674,Mammalia,class,2759,Eukaryota,,,33208,Metazoa,,,,,7711,Chordata,89593,Craniata,8287,Sarcopterygii,40674,Mammalia,,,,,,,,,,,,,,,,,,,,,,,,,,,,,,,,,,,,,,
LGEMWNNTAADDKQPYK,,314146,Euarchontoglires,superorder,2759,Eukaryota,,,33208,Metazoa,,,,,7711,Chordata,89593,Craniata,8287,Sarcopterygii,40674,Mammalia,,,314146,Euarchontoglires,,,,,,,,,,,,,,,,,,,,,,,,,,,,,,,,,,
SQGNVSAVGVTYDGHTALTR,,286,Pseudomonas,genus,2,Bacteria,,,3379134,Pseudomonadati,,,,,1224,Pseudomonadota,,,,,1236,Gammaproteobacteria,,,,,72274,Pseudomonadales,,,,,,,135621,Pseudomonadaceae,,,,,,,286,Pseudomonas,,,,,,,,,,,,,,,,
LNTQWLLTSGTTEANAWK,,1883,Streptomyces,genus,2,Bacteria,,,1783272,Bacillati,,,,,201174,Actinomycetota,,,,,1760,Actinomycetes,,,,,85011,Kitasatosporales,,,,,,,2062,Streptomycetaceae,,,,,,,1883,Streptomyces,,,,,,,,,,,,,,,,
LNTQWLLTSGTTEANAWK,,1883,Streptomyces,genus,2,Bacteria,,,1783272,Bacillati,,,,,201174,Actinomycetota,,,,,1760,Actinomycetes,,,,,85011,Kitasatosporales,,,,,,,2062,Streptomycetaceae,,,,,,,1883,Streptomyces,,,,,,,,,,,,,,,,
LNTQWLLTSGTTEANAWK,,1883,Streptomyces,genus,2,Bacteria,,,1783272,Bacillati,,,,,201174,Actinomycetota,,,,,1760,Actinomycetes,,,,,85011,Kitasatosporales,,,,,,,2062,Streptomycetaceae,,,,,,,1883,Streptomyces,,,,,,,,,,,,,,,,
FANPNAATSAAGLHFAAPPAR,,136841,Pseudomonas aeruginosa group,species group,2,Bacteria,,,3379134,Pseudomonadati,,,,,1224,Pseudomonadota,,,,,1236,Gammaproteobacteria,,,,,72274,Pseudomonadales,,,,,,,135621,Pseudomonadaceae,,,,,,,286,Pseudomonas,,,136841,Pseudomonas aeruginosa group,,,,,,,,,,,,
LNTQWLLTSGTTEANAWK,,1883,Streptomyces,genus,2,Bacteria,,,1783272,Bacillati,,,,,201174,Actinomycetota,,,,,1760,Actinomycetes,,,,,85011,Kitasatosporales,,,,,,,2062,Streptomycetaceae,,,,,,,1883,Streptomyces,,,,,,,,,,,,,,,,
LNTQWLLTSGTTEANAWK,,1883,Streptomyces,genus,2,Bacteria,,,1783272,Bacillati,,,,,201174,Actinomycetota,,,,,1760,Actinomycetes,,,,,85011,Kitasatosporales,,,,,,,2062,Streptomycetaceae,,,,,,,1883,Streptomyces,,,,,,,,,,,,,,,,
VMPSVVSLNVEGSTTVNTPR,,1236,Gammaproteobacteria,class,2,Bacteria,,,3379134,Pseudomonadati,,,,,1224,Pseudomonadota,,,,,1236,Gammaproteobacteria,,,,,,,,,,,,,,,,,,,,,,,,,,,,,,,,,,,,,,
YSQGNVSAVGVTYDGHTALTR,,286,Pseudomonas,genus,2,Bacteria,,,3379134,Pseudomonadati,,,,,1224,Pseudomonadota,,,,,1236,Gammaproteobacteria,,,,,72274,Pseudomonadales,,,,,,,135621,Pseudomonadaceae,,,,,,,286,Pseudomonas,,,,,,,,,,,,,,,,
YSQGNVSAVGVTYDGHTALTR,,286,Pseudomonas,genus,2,Bacteria,,,3379134,Pseudomonadati,,,,,1224,Pseudomonadota,,,,,1236,Gammaproteobacteria,,,,,72274,Pseudomonadales,,,,,,,135621,Pseudomonadaceae,,,,,,,286,Pseudomonas,,,,,,,,,,,,,,,,
YSQGNVSAVGVTYDGHTALTR,,286,Pseudomonas,genus,2,Bacteria,,,3379134,Pseudomonadati,,,,,1224,Pseudomonadota,,,,,1236,Gammaproteobacteria,,,,,72274,Pseudomonadales,,,,,,,135621,Pseudomonadaceae,,,,,,,286,Pseudomonas,,,,,,,,,,,,,,,,
TATPELDLATLEWLDTPDGR,,136841,Pseudomonas aeruginosa group,species group,2,Bacteria,,,3379134,Pseudomonadati,,,,,1224,Pseudomonadota,,,,,1236,Gammaproteobacteria,,,,,72274,Pseudomonadales,,,,,,,135621,Pseudomonadaceae,,,,,,,286,Pseudomonas,,,136841,Pseudomonas aeruginosa group,,,,,,,,,,,,
TATPELDLATLEWLDTPDGR,,136841,Pseudomonas aeruginosa group,species group,2,Bacteria,,,3379134,Pseudomonadati,,,,,1224,Pseudomonadota,,,,,1236,Gammaproteobacteria,,,,,72274,Pseudomonadales,,,,,,,135621,Pseudomonadaceae,,,,,,,286,Pseudomonas,,,136841,Pseudomonas aeruginosa group,,,,,,,,,,,,
VNDGPFADFNGVVEEVDYEK,,1,root,no rank,,,,,,,,,,,,,,,,,,,,,,,,,,,,,,,,,,,,,,,,,,,,,,,,,,,,,,,,
LLTHPNFNGNTLDNDLMLLK,,9823,Sus scrofa,species,2759,Eukaryota,,,33208,Metazoa,,,,,7711,Chordata,89593,Craniata,8287,Sarcopterygii,40674,Mammalia,,,314145,Laurasiatheria,91561,Artiodactyla,35497,Suina,,,,,9821,Suidae,,,,,,,9822,Sus,,,,,,,9823,Sus scrofa,,,,,,,,
SYTLPSLPYAYDALEPHFDK,,1224,Pseudomonadota,phylum,2,Bacteria,,,3379134,Pseudomonadati,,,,,1224,Pseudomonadota,,,,,,,,,,,,,,,,,,,,,,,,,,,,,,,,,,,,,,,,,,,,
FSWFLDDVEVHTAQTHAPEK,,10116,Rattus norvegicus,species,2759,Eukaryota,,,33208,Metazoa,,,,,7711,Chordata,89593,Craniata,8287,Sarcopterygii,40674,Mammalia,,,314146,Euarchontoglires,9989,Rodentia,1963758,Myomorpha,,,,,10066,Muridae,39107,Murinae,,,,,10114,Rattus,,,,,,,10116,Rattus norvegicus,,,,,,,,
YQGWSATPLANGSLGHDLHHPR,,286,Pseudomonas,genus,2,Bacteria,,,3379134,Pseudomonadati,,,,,1224,Pseudomonadota,,,,,1236,Gammaproteobacteria,,,,,72274,Pseudomonadales,,,,,,,135621,Pseudomonadaceae,,,,,,,286,Pseudomonas,,,,,,,,,,,,,,,,
NGFLQSLKDDPSQSANVLGEAQK,,1279,Staphylococcus,genus,2,Bacteria,,,1783272,Bacillati,,,,,1239,Bacillota,,,,,91061,Bacilli,,,,,1385,Bacillales,,,,,,,90964,Staphylococcaceae,,,,,,,1279,Staphylococcus,,,,,,,,,,,,,,,,
MDPSNWSSFLFQGHAQNPLQVGAELQSR,,314146,Euarchontoglires,superorder,2759,Eukaryota,,,33208,Metazoa,,,,,7711,Chordata,89593,Craniata,8287,Sarcopterygii,40674,Mammalia,,,314146,Euarchontoglires,,,,,,,,,,,,,,,,,,,,,,,,,,,,,,,,,,
GSLGHDLHHPR,,286,Pseudomonas,genus,2,Bacteria,,,3379134,Pseudomonadati,,,,,1224,Pseudomonadota,,,,,1236,Gammaproteobacteria,,,,,72274,Pseudomonadales,,,,,,,135621,Pseudomonadaceae,,,,,,,286,Pseudomonas,,,,,,,,,,,,,,,,
LDRLHEVLSR,,6523,Lymnaea stagnalis,species,2759,Eukaryota,,,33208,Metazoa,,,,,6447,Mollusca,,,,,6448,Gastropoda,216305,Heterobranchia,,,,,,,,,216441,Lymnaeoidea,6521,Lymnaeidae,,,,,,,6522,Lymnaea,,,,,,,6523,Lymnaea stagnalis,,,,,,,,
LDRLHEVLSR,,6523,Lymnaea stagnalis,species,2759,Eukaryota,,,33208,Metazoa,,,,,6447,Mollusca,,,,,6448,Gastropoda,216305,Heterobranchia,,,,,,,,,216441,Lymnaeoidea,6521,Lymnaeidae,,,,,,,6522,Lymnaea,,,,,,,6523,Lymnaea stagnalis,,,,,,,,
RDTLLLELKR,,286,Pseudomonas,genus,2,Bacteria,,,3379134,Pseudomonadati,,,,,1224,Pseudomonadota,,,,,1236,Gammaproteobacteria,,,,,72274,Pseudomonadales,,,,,,,135621,Pseudomonadaceae,,,,,,,286,Pseudomonas,,,,,,,,,,,,,,,,
LQQVGDKPRPK,,1,root,no rank,,,,,,,,,,,,,,,,,,,,,,,,,,,,,,,,,,,,,,,,,,,,,,,,,,,,,,,,
VLRPQLDLRR,,1776034,Coralloluteibacterium stylophorae,species,2,Bacteria,,,3379134,Pseudomonadati,,,,,1224,Pseudomonadota,,,,,1236,Gammaproteobacteria,,,,,135614,Lysobacterales,,,,,,,32033,Lysobacteraceae,,,,,,,2315876,Coralloluteibacterium,,,,,,,1776034,Coralloluteibacterium stylophorae,,,,,,,,
RETLLLELRR,,82115,Rhizobiaceae,family,2,Bacteria,,,3379134,Pseudomonadati,,,,,1224,Pseudomonadota,,,,,28211,Alphaproteobacteria,,,,,356,Hyphomicrobiales,,,,,,,82115,Rhizobiaceae,,,,,,,,,,,,,,,,,,,,,,,,
RRLVEEERER,,1,root,no rank,,,,,,,,,,,,,,,,,,,,,,,,,,,,,,,,,,,,,,,,,,,,,,,,,,,,,,,,
RRREELERER,,1,root,no rank,,,,,,,,,,,,,,,,,,,,,,,,,,,,,,,,,,,,,,,,,,,,,,,,,,,,,,,,
HGGQEVYHLHMH,,1,root,no rank,,,,,,,,,,,,,,,,,,,,,,,,,,,,,,,,,,,,,,,,,,,,,,,,,,,,,,,,
SLRPGTVALRELR,,2489341,Strigops habroptila,species,2759,Eukaryota,,,33208,Metazoa,,,,,7711,Chordata,89593,Craniata,8287,Sarcopterygii,8782,Aves,,,,,9223,Psittaciformes,,,,,,,9224,Psittacidae,,,,,,,35547,Strigops,,,,,,,2489341,Strigops habroptila,,,,,,,,
PLANGSLGHDLHHPR,,286,Pseudomonas,genus,2,Bacteria,,,3379134,Pseudomonadati,,,,,1224,Pseudomonadota,,,,,1236,Gammaproteobacteria,,,,,72274,Pseudomonadales,,,,,,,135621,Pseudomonadaceae,,,,,,,286,Pseudomonas,,,,,,,,,,,,,,,,
VLRLELQGPRGSPNAR,,314293,Simiiformes,infraorder,2759,Eukaryota,,,33208,Metazoa,,,,,7711,Chordata,89593,Craniata,8287,Sarcopterygii,40674,Mammalia,,,314146,Euarchontoglires,9443,Primates,376913,Haplorrhini,314293,Simiiformes,,,,,,,,,,,,,,,,,,,,,,,,,,,,
VLRLELQGPRGSPNAR,,314293,Simiiformes,infraorder,2759,Eukaryota,,,33208,Metazoa,,,,,7711,Chordata,89593,Craniata,8287,Sarcopterygii,40674,Mammalia,,,314146,Euarchontoglires,9443,Primates,376913,Haplorrhini,314293,Simiiformes,,,,,,,,,,,,,,,,,,,,,,,,,,,,
VLRLELQGPRGSPNAR,,314293,Simiiformes,infraorder,2759,Eukaryota,,,33208,Metazoa,,,,,7711,Chordata,89593,Craniata,8287,Sarcopterygii,40674,Mammalia,,,314146,Euarchontoglires,9443,Primates,376913,Haplorrhini,314293,Simiiformes,,,,,,,,,,,,,,,,,,,,,,,,,,,,
LRDTDSEEELREAFR,,135168,Bucco capensis,species,2759,Eukaryota,,,33208,Metazoa,,,,,7711,Chordata,89593,Craniata,8287,Sarcopterygii,8782,Aves,,,,,9219,Piciformes,,,,,,,135166,Bucconidae,,,,,,,135167,Bucco,,,,,,,135168,Bucco capensis,,,,,,,,
FNFSHGTHEYHAETLR,,2873325,Danionella cerebrum,species,2759,Eukaryota,,,33208,Metazoa,,,,,7711,Chordata,89593,Craniata,7898,Actinopterygii,186623,Actinopteri,41665,Neopterygii,186627,Cypriniphysae,7952,Cypriniformes,30727,Cyprinoidei,,,,,2743709,Danionidae,2743711,Danioninae,,,,,432408,Danionella,,,,,,,2873325,Danionella cerebrum,,,,,,,,
LFVGGLKEDTEEHHLRK,,30357,Pyxicephalus adspersus,species,2759,Eukaryota,,,33208,Metazoa,,,,,7711,Chordata,89593,Craniata,8287,Sarcopterygii,8292,Amphibia,,,41666,Batrachia,8342,Anura,8416,Neobatrachia,,,30352,Ranoidea,685130,Pyxicephalidae,1191377,Pyxicephalinae,,,,,30356,Pyxicephalus,,,,,,,30357,Pyxicephalus adspersus,,,,,,,,
VGFAGDDAPRAVFPSLVGRPR,,2759,Eukaryota,domain,2759,Eukaryota,,,,,,,,,,,,,,,,,,,,,,,,,,,,,,,,,,,,,,,,,,,,,,,,,,,,,,
LVKPWVGGYTGKDPLDNTYTR,,1,root,no rank,,,,,,,,,,,,,,,,,,,,,,,,,,,,,,,,,,,,,,,,,,,,,,,,,,,,,,,,
